-0.3 -6686.2 39.9 260 0 13.1 16.2 5.0 2.5 2 1 2 2 2
-179.4 -6611.7 37.3 181 0 6.6 8.7 2.5 0.0 0 1 1 5 5
-181.2 -6626.9 37.5 92 0 3.9 9.2 5.0 2.5 2 1 2 5 5
-198.2 -6615.0 37.1 88 0 5.4 5.9 5.0 2.5 2 1 2 5 5
-49.0 -6433.1 37.2 270 0 5.1 8.1 2.5 2.5 2 1 1 4 4
-73.4 -6473.9 36.9 5 0 8.8 9.4 5.0 2.5 4 1 2 3 3
-80.1 -6454.1 36.9 270 0 5.7 10.0 5.0 2.5 4 1 2 4 4
-126.0 -6049.7 33.2 14 0 4.2 7.4 5.0 2.5 2 1 2 5 5
-142.3 -6062.9 32.6 185 0 9.5 5.3 2.5 2.5 2 0 1 5 5
-132.7 -6020.5 33.8 273 0 7.8 6.6 5.0 2.5 2 0 2 1 1
-66.0 -6672.9 39.4 353 0 7.6 8.3 5.0 2.5 2 1 2 3 3
-54.1 -6698.0 39.7 80 0 7.8 12.2 10.5 0.0 0 1 3 5 5
-55.9 -6704.1 40.0 169 0 5.0 12.1 3.5 2.5 2 1 1 0 0
-36.6 -6713.9 40.2 56 0 3.8 8.0 2.5 2.5 2 1 1 3 3
-53.9 -6648.7 39.4 356 0 8.3 4.5 7.5 2.5 2 0 3 4 4
-67.8 -6647.0 39.2 357 0 5.4 6.8 5.0 2.5 2 0 2 3 3
-77.3 -6645.7 39.0 5 0 4.6 8.8 2.5 2.5 2 1 1 2 2
-51.8 -6635.1 39.1 351 0 7.3 8.7 2.5 2.5 2 0 1 0 0
-104.6 -6655.4 38.8 177 0 3.0 13.6 5.0 2.5 2 1 2 5 5
-98.8 -6652.0 38.8 93 0 7.1 10.6 5.0 2.5 2 0 2 2 2
-93.0 -6674.8 39.1 92 0 6.2 7.5 5.0 2.5 2 0 2 1 1
-80.7 -6626.1 38.5 359 0 17.1 7.8 5.0 2.5 2 0 2 3 3
-92.1 -6628.1 38.5 2 0 12.8 5.3 5.0 2.5 2 0 2 3 3
-112.2 -6633.8 38.3 90 0 7.3 10.3 5.0 2.5 2 1 2 1 1
-79.1 -6594.8 38.0 2 0 7.3 12.1 2.5 2.5 2 1 1 2 2
-94.2 -6593.9 37.8 359 0 8.9 10.8 5.0 2.5 2 0 2 0 0
-105.0 -6593.7 37.8 0 0 8.7 4.2 2.5 2.5 2 0 1 5 5
-61.2 -6582.6 38.1 2 0 8.3 8.1 5.0 2.5 2 0 2 2 2
-100.2 -6581.9 37.6 0 0 8.4 8.5 5.0 2.5 2 1 2 4 4
-69.3 -6582.3 38.0 358 0 8.4 7.0 5.0 2.5 2 0 2 5 5
-66.7 -6593.8 38.2 359 0 8.6 10.2 5.0 2.5 2 0 2 2 2
-56.5 -6593.3 38.3 359 0 8.2 10.2 5.0 2.5 2 0 2 0 0
-63.2 -6539.2 37.4 5 0 9.0 8.9 2.5 2.5 2 0 1 3 3
-104.8 -6545.1 37.1 0 0 6.6 5.6 2.5 2.5 2 0 1 2 2
-100.4 -6553.9 37.3 359 0 5.7 9.4 5.0 2.5 2 1 2 1 1
-60.9 -6565.6 37.7 358 0 8.8 20.7 2.5 2.5 2 0 1 0 0
-60.8 -6557.2 37.6 3 0 8.5 20.1 5.0 2.5 2 0 2 3 3
-99.1 -6535.0 37.1 357 0 7.3 10.2 2.5 0.0 0 1 1 0 0
-85.9 -6525.0 37.1 0 0 12.1 9.0 5.0 2.5 2 0 2 5 5
-94.9 -6524.0 37.0 2 0 10.0 6.9 5.0 2.5 2 0 2 1 1
-126.6 -6496.7 36.5 271 0 8.3 16.0 5.0 2.5 2 0 2 5 5
-142.0 -6494.0 36.4 1 0 5.6 12.0 5.0 2.5 2 0 2 5 5
-137.1 -6483.9 36.5 270 0 9.5 12.9 2.5 2.5 2 0 1 4 4
-124.8 -6483.3 36.6 270 0 12.0 13.5 5.0 2.5 2 0 2 0 0
-153.6 -6561.7 36.9 182 0 5.0 11.2 5.0 2.5 2 1 2 0 0
-127.1 -6567.1 37.1 357 0 5.9 10.0 5.0 2.5 2 1 2 2 2
-116.4 -6551.4 37.1 358 0 3.6 9.7 5.0 2.5 4 1 2 1 1
-141.1 -6549.3 36.8 175 0 8.5 7.1 5.0 2.5 2 0 2 1 1
-152.8 -6590.1 37.2 180 0 13.3 5.7 2.5 2.5 2 0 1 4 4
-117.7 -6523.3 36.8 359 0 10.9 11.5 2.5 2.5 2 0 1 1 1
-134.2 -6518.1 36.7 271 0 10.3 13.8 5.0 2.5 2 0 2 0 0
-146.3 -6518.2 36.5 268 0 14.5 14.0 2.5 2.5 2 0 1 4 4
-162.7 -6555.3 36.7 269 0 6.0 5.6 2.5 2.5 2 0 1 1 1
-179.0 -6601.7 37.1 181 0 6.8 6.9 2.5 2.5 2 0 1 4 4
-171.8 -6556.9 36.6 266 0 6.4 5.1 5.0 2.5 4 0 2 1 1
-175.3 -6588.1 36.8 89 0 6.2 12.8 5.0 2.5 2 0 2 1 1
-181.6 -6587.9 36.7 94 0 6.7 12.6 5.0 2.5 2 0 2 2 2
-184.0 -6559.6 36.5 266 0 6.1 10.1 5.0 2.5 2 1 2 1 1
-218.4 -6592.1 36.6 186 0 6.3 11.0 5.0 2.5 2 1 2 4 4
-231.1 -6595.1 36.4 94 0 4.0 9.7 5.0 2.5 2 1 2 0 0
-231.9 -6551.2 36.0 187 0 13.2 6.8 5.0 2.5 2 0 2 2 2
-159.7 -6455.2 36.4 0 0 7.2 9.4 7.5 2.5 4 1 3 1 1
-177.9 -6470.0 36.3 179 0 8.9 17.5 2.5 2.5 2 1 1 1 1
-176.2 -6522.0 36.3 174 0 9.5 14.7 5.0 2.5 2 0 2 4 4
-181.6 -6517.6 36.2 265 0 9.9 10.6 5.0 2.5 2 0 2 2 2
-173.2 -6531.1 36.4 179 0 6.2 13.8 5.0 2.5 2 1 2 1 1
4901.1 2499.3 -33.8 265 0 19.8 13.7 12.5 2.5 2 0 5 0 0
5057.7 2619.1 -23.6 0 0 9.6 10.7 5.0 0.0 0 1 2 5 5
5053.2 2652.5 -20.2 195 0 11.0 7.6 2.5 2.5 4 0 1 0 0
5083.1 2649.5 -23.3 29 0 10.1 6.7 5.0 2.5 2 0 2 1 1
5142.0 2691.8 -28.4 180 0 12.4 8.4 5.0 2.5 2 0 2 0 0
5171.1 2648.8 -38.4 180 0 6.7 17.2 7.5 2.5 2 1 3 2 2
5066.2 2600.9 -27.9 180 0 7.6 7.4 5.0 2.5 2 0 2 1 1
5075.6 2593.2 -28.9 0 0 4.9 16.5 5.0 2.5 2 1 2 4 4
5083.8 2618.6 -28.7 175 0 5.1 12.3 5.0 2.5 2 1 2 2 2
5105.8 2642.7 -27.7 0 0 9.6 7.8 5.0 2.5 2 0 2 0 0
5082.8 2583.4 -33.3 182 0 10.2 13.7 10.0 2.5 2 1 4 1 1
5105.6 2583.8 -34.5 358 0 9.3 8.1 5.0 2.5 2 0 2 2 2
5106.9 2561.3 -36.1 0 0 11.1 9.3 7.5 2.5 2 0 3 0 0
5105.4 2572.7 -35.7 0 0 8.4 10.0 5.0 2.5 2 1 2 1 1
5112.8 2627.9 -31.6 172 0 12.7 7.6 7.5 2.5 4 0 3 5 5
5222.3 2547.7 -39.1 184 0 8.3 6.3 5.0 2.5 2 0 2 3 3
5178.0 2520.7 -37.5 271 0 8.4 10.2 7.5 2.5 2 1 3 4 4
5181.9 2619.1 -38.5 180 0 4.7 8.8 5.0 2.5 4 1 2 0 0
5169.0 2616.3 -38.2 178 0 9.8 7.6 2.5 2.5 2 0 1 5 5
5180.8 2588.3 -38.2 181 0 5.7 9.7 5.0 2.5 2 1 2 0 0
5133.8 2621.3 -35.7 177 0 18.9 7.7 5.0 2.5 2 0 2 3 3
5151.5 2623.8 -36.4 356 0 9.6 7.5 5.0 2.5 2 0 2 3 3
5153.3 2612.9 -37.7 0 0 7.6 6.9 5.0 2.5 2 0 2 2 2
5148.1 2579.0 -37.2 0 0 6.0 14.2 7.5 2.5 2 1 3 4 4
5158.9 2603.3 -37.7 1 0 6.0 7.7 5.0 2.5 2 1 2 4 4
5164.7 2589.1 -37.6 4 0 8.7 5.8 2.5 2.5 2 0 1 0 0
5163.6 2579.3 -37.5 358 0 6.2 7.5 7.5 2.5 4 1 3 3 3
5062.7 2550.1 -32.9 270 0 6.6 5.5 5.0 2.5 2 0 2 4 4
5084.9 2539.5 -35.5 270 0 7.5 5.1 7.5 2.5 2 0 3 1 1
5122.4 2511.3 -36.3 90 0 10.1 14.8 2.5 2.5 2 1 1 4 4
5276.1 2372.6 -38.0 95 0 5.6 8.5 7.5 2.5 2 1 3 0 0
5231.1 2451.3 -37.5 162 0 3.8 9.9 2.5 2.5 2 1 1 5 5
5166.1 2545.6 -37.6 275 0 7.2 7.6 5.0 2.5 4 1 2 5 5
5007.8 3243.0 -23.4 329 0 5.7 14.1 2.5 2.5 2 1 1 4 4
4953.1 3198.1 -14.0 243 0 11.0 13.4 7.5 0.0 0 1 3 2 2
4961.7 3278.7 -22.5 246 0 9.4 9.2 2.5 2.5 2 0 1 3 3
4990.7 3152.6 -20.3 155 0 5.5 10.4 5.0 2.5 2 1 2 5 5
-723.5 6065.7 -46.7 184 0 22.5 27.3 5.0 0.0 0 1 2 0 0
-730.5 5877.7 -44.2 97 0 13.3 26.7 17.5 3.5 2 1 5 0 0
-833.3 5884.4 -46.5 268 0 7.0 41.0 10.5 3.5 2 1 3 3 3
-758.2 5970.3 -45.4 8 0 15.1 13.9 17.5 3.5 2 0 5 3 3
4164.1 2240.4 -27.5 96 0 14.1 36.3 10.0 2.5 2 1 4 3 3
4378.4 2280.5 -28.3 90 0 23.1 19.2 7.5 2.5 2 0 3 5 5
4618.7 2233.7 -31.7 75 0 9.5 16.9 7.5 0.0 0 1 3 0 0
