4593.1 1009.6 5.3 296 0 13.2 16.8 2.5 2.5 2 1 1 0 0
4532.5 1017.5 5.7 293 0 12.5 18.5 7.5 2.5 2 1 3 4 4
4102.4 1115.5 8.9 294 0 20.0 49.3 2.5 2.5 2 1 1 5 5
4083.6 3076.2 4.4 278 0 47.7 26.0 14.0 0.0 0 0 4 1 1
5939.1 3916.3 -14.3 106 0 27.1 31.8 10.0 0.0 0 1 4 4 4
4162.1 3505.0 1.5 92 0 8.1 30.3 5.0 2.5 2 1 2 5 5
4895.0 3361.6 -6.0 102 0 19.1 16.7 7.5 2.5 2 0 3 1 1
4806.6 3336.4 -5.5 194 0 16.7 29.7 7.5 2.5 2 1 3 1 1
4426.4 3420.2 0.3 23 0 13.6 20.6 17.5 3.5 2 1 5 3 3
4836.1 3389.7 -5.5 282 0 17.9 8.9 5.0 0.0 0 0 2 3 3
3360.4 2138.9 8.9 111 0 31.9 88.4 14.0 0.0 0 1 4 2 2
