-2074.0 -4189.9 2.0 178 0 24.0 33.8 14.0 0.0 0 1 4 5 5
-2122.2 -4589.6 -2.0 167 0 24.9 20.5 17.5 3.5 2 0 5 4 4
-2002.0 -4260.9 4.8 175 0 20.1 60.9 14.0 3.5 2 1 4 0 0
-1865.9 -5709.4 13.9 115 0 58.5 11.2 10.5 3.5 2 0 3 5 5
119.3 -5373.8 34.0 257 0 41.5 7.8 10.5 0.0 0 0 3 4 4
-2591.6 -5616.0 9.2 150 0 14.5 66.7 14.0 3.5 2 1 4 2 2
-2197.6 -4126.9 -3.0 175 0 12.1 15.3 14.0 3.5 2 1 4 5 5
-1268.2 -4334.8 13.5 175 0 31.8 16.6 14.0 0.0 0 0 4 0 0
-1147.2 -4343.0 13.5 87 0 11.7 31.9 17.5 3.5 2 1 5 1 1
-1020.7 -4273.8 11.4 265 0 28.7 47.2 14.0 0.0 0 1 4 2 2
-537.5 -4302.0 15.6 85 0 24.5 32.7 17.5 0.0 0 1 5 0 0
-495.6 -4293.2 16.3 87 0 11.6 26.9 17.5 3.5 2 1 5 0 0
-1939.0 -5785.9 16.5 167 0 30.1 18.2 14.0 3.5 2 0 4 5 5
-1971.6 -5964.5 20.9 10 0 65.5 27.6 14.0 0.0 0 0 4 4 4
-2066.2 -6489.7 24.7 111 0 41.5 79.8 14.0 0.0 0 1 4 1 1
-2115.5 -994.9 -35.3 348 0 9.5 23.3 5.0 2.5 2 1 2 2 2
-2427.8 -2120.1 -22.9 81 0 13.7 35.1 10.0 2.5 4 1 4 2 2
-1994.1 -972.1 -32.6 49 0 38.1 12.0 10.0 2.5 2 0 4 4 4
-2057.9 -1062.5 -33.1 2 0 8.2 10.1 7.5 2.5 2 1 3 1 1
-2153.7 -1014.6 -35.5 201 0 19.4 4.5 7.5 2.5 2 0 3 5 5
-2133.2 -1043.7 -34.9 89 0 8.5 6.4 5.0 2.5 2 0 2 2 2
-2090.1 -1026.2 -34.0 78 0 5.6 6.2 5.0 0.0 0 1 2 1 1
-1705.5 -904.0 -26.1 86 0 8.4 9.3 7.5 0.0 0 1 3 5 5
-1693.2 -794.3 -26.7 271 0 6.9 4.6 7.5 2.5 2 0 3 5 5
-1680.6 -828.4 -26.2 91 0 6.1 13.3 7.5 2.5 2 1 3 2 2
-1668.0 -810.5 -26.0 1 0 6.6 5.5 7.5 2.5 2 0 3 4 4
-1479.6 -927.0 -20.7 181 0 3.5 8.8 7.5 2.5 2 1 3 3 3
-1506.8 -945.4 -21.2 181 0 7.8 5.5 5.0 2.5 2 0 2 2 2
-1521.4 -858.5 -22.1 271 0 3.2 10.2 7.5 2.5 2 1 3 0 0
-1512.0 -912.7 -21.6 91 0 8.5 10.6 5.0 2.5 2 1 2 0 0
-1527.6 -934.2 -21.7 1 0 11.3 3.8 5.0 2.5 2 0 2 5 5
-1535.3 -893.2 -22.2 1 0 6.6 5.2 7.5 2.5 4 0 3 3 3
-1568.2 -879.5 -23.1 97 0 5.7 6.9 5.0 0.0 0 1 2 2 2
-6288.1 -1858.4 -39.7 11 0 12.5 45.9 12.5 2.5 2 1 5 0 0
-6415.5 -1900.3 -37.7 185 0 56.7 46.9 10.0 0.0 0 0 4 0 0
-2108.5 -4531.7 0.2 77 0 18.3 20.3 17.5 3.5 2 1 5 2 2
