-4492.1 5187.9 26.8 106 0 40.4 21.7 12.5 0.0 0 0 5 0 0
-4073.7 4555.2 5.9 308 0 6.8 7.0 7.5 2.5 2 1 3 2 2
-4095.9 4587.6 5.7 301 0 7.1 9.1 2.5 0.0 0 1 1 1 1
-4114.1 4568.7 6.3 219 0 7.4 9.4 5.0 2.5 2 1 2 5 5
-4148.9 4620.2 6.2 315 0 9.6 9.8 7.5 2.5 2 1 3 1 1
-4137.0 4615.6 6.0 308 0 6.3 11.7 2.5 2.5 2 1 1 5 5
-4082.0 4585.4 5.3 110 0 12.8 6.4 7.5 2.5 2 0 3 0 0
-4079.9 4622.3 4.6 124 0 10.1 8.4 5.0 2.5 2 0 2 2 2
-4116.2 4623.0 5.4 276 0 8.6 8.5 7.5 0.0 0 0 3 4 4
-4101.2 4626.6 4.9 91 0 6.4 10.8 5.0 2.5 2 1 2 3 3
-4112.0 4628.6 5.1 91 0 6.0 9.3 5.0 2.5 2 1 2 4 4
-4107.0 4742.3 3.1 286 0 8.5 11.0 7.5 2.5 2 1 3 5 5
-4135.0 4726.2 3.6 104 0 15.1 12.0 2.5 0.0 0 0 1 1 1
-4117.3 4712.1 3.8 283 0 7.0 8.4 5.0 2.5 4 1 2 1 1
-4035.7 4665.1 3.1 287 0 9.5 7.9 2.5 2.5 2 0 1 1 1
-4041.3 4674.9 2.8 107 0 8.5 10.8 7.5 2.5 2 1 3 1 1
-4068.3 4674.4 3.6 288 0 7.8 11.1 7.5 2.5 2 1 3 3 3
-4078.7 4679.2 3.7 288 0 7.4 10.0 2.5 2.5 2 1 1 0 0
-4101.0 4685.5 4.0 290 0 7.7 9.9 7.5 2.5 2 1 3 1 1
-4135.6 4668.0 5.0 276 0 7.9 7.9 7.5 2.5 2 1 3 5 5
-4139.4 4643.4 5.3 97 0 7.9 11.6 7.5 2.5 2 1 3 2 2
-4069.1 4641.7 4.2 289 0 9.4 9.3 7.5 2.5 2 0 3 3 3
-5303.4 -1002.0 -32.7 29 0 34.5 12.5 10.5 3.5 2 0 3 5 5
-4217.4 4626.7 7.2 100 0 9.5 7.3 2.5 2.5 2 0 1 5 5
-4219.2 4663.0 6.5 183 0 10.9 10.7 5.0 2.5 2 0 2 1 1
-4204.0 4717.0 5.2 89 0 7.2 12.4 5.0 2.5 2 1 2 2 2
-4223.9 4706.7 6.0 5 0 10.9 10.1 7.5 0.0 0 0 3 1 1
-4209.9 4754.6 4.4 97 0 8.8 21.8 5.0 2.5 2 1 2 5 5
-4298.0 4770.8 5.9 96 0 6.4 17.1 5.0 2.5 2 1 2 0 0
-4248.0 4799.8 4.8 189 0 9.7 8.6 5.0 2.5 2 0 2 3 3
-4089.8 4625.6 4.8 105 0 7.5 7.2 2.5 2.5 2 0 1 0 0
-4251.7 4738.8 5.9 281 0 9.3 13.7 2.5 0.0 0 1 1 3 3
-4114.3 4793.0 2.3 98 0 8.8 12.6 5.0 2.5 2 1 2 1 1
-5138.7 4910.5 17.4 6 0 32.6 84.0 10.0 0.0 0 1 4 1 1
-6074.3 -1031.5 -21.8 4 0 22.7 29.0 14.0 0.0 0 1 4 3 3
-5526.8 -918.1 -30.3 194 0 6.7 51.5 10.5 3.5 2 1 3 2 2
