-2941.5 -2471.0 -4.2 19 0 7.1 9.5 7.5 2.5 2 1 3 4 4
-2983.6 -2528.9 -5.5 106 0 12.4 5.2 7.5 2.5 2 0 3 2 2
-2957.0 -2523.7 -5.3 291 0 12.8 8.0 5.0 2.5 2 0 2 5 5
-2834.4 -2563.3 -4.7 287 0 14.7 7.4 2.5 0.0 0 0 1 2 2
-2844.7 -2600.9 -5.5 197 0 13.3 7.1 7.5 2.5 2 0 3 0 0
-2801.7 -2483.6 -2.9 116 0 13.0 12.0 7.5 2.5 2 0 3 2 2
-2794.7 -2582.0 -4.6 22 0 7.8 9.3 2.5 2.5 2 1 1 3 3
-1965.9 -1263.0 0.8 209 0 5.6 6.5 7.5 2.5 2 1 3 1 1
-1882.8 -1362.6 1.9 17 0 6.0 8.2 5.0 2.5 2 1 2 3 3
-1904.0 -1365.4 2.5 111 0 10.8 7.2 5.0 2.5 2 0 2 0 0
-1915.8 -1329.4 1.8 291 0 9.4 9.3 7.5 0.0 0 0 3 5 5
-1948.1 -1328.3 2.9 203 0 7.3 11.4 5.0 2.5 2 1 2 5 5
-1949.0 -1348.2 3.9 201 0 8.3 8.1 5.0 2.5 2 0 2 2 2
-1933.6 -1211.5 -3.0 291 0 16.2 10.9 10.0 2.5 2 0 4 4 4
