-2778.4 -853.5 6.4 272 0 7.2 7.0 7.5 2.5 2 0 3 1 1
-2826.1 -934.9 6.1 94 0 36.5 24.3 5.0 0.0 0 0 2 3 3
-2788.0 -939.3 7.0 101 0 8.0 23.8 7.5 2.5 2 1 3 4 4
-2801.0 -935.8 6.7 97 0 7.3 21.7 5.0 2.5 2 1 2 3 3
-2830.2 -890.1 6.0 188 0 25.0 20.5 7.5 2.5 2 0 3 0 0
-2838.5 -889.2 5.8 185 0 25.2 7.8 7.5 2.5 2 0 3 0 0
-2740.4 -917.5 7.3 95 0 13.5 28.4 7.5 2.5 2 1 3 2 2
-2763.7 -913.3 7.0 95 0 16.8 12.9 7.5 2.5 2 0 3 1 1
-2798.5 -906.7 6.3 97 0 19.9 25.0 7.5 2.5 2 1 3 2 2
-2777.4 -906.8 6.7 93 0 11.6 22.8 7.5 2.5 2 1 3 0 0
-2742.7 -971.7 8.2 187 0 12.7 9.6 5.0 2.5 2 0 2 4 4
-2756.6 -852.2 6.7 271 0 13.6 25.4 7.5 2.5 2 1 3 0 0
-2836.7 -819.6 5.1 276 0 14.3 16.7 7.5 2.5 4 1 3 5 5
-2848.1 -851.6 5.3 190 0 24.3 14.9 7.5 2.5 2 0 3 3 3
-2821.4 -824.6 5.4 275 0 10.5 14.3 7.5 2.5 4 1 3 3 3
-2806.6 -817.7 5.6 270 0 13.9 21.3 7.5 2.5 2 1 3 4 4
-2826.2 -865.3 5.8 190 0 11.3 9.4 5.0 2.5 2 0 2 5 5
-2766.6 -819.9 6.2 265 0 12.5 26.2 7.5 2.5 2 1 3 4 4
-2772.3 -863.6 6.5 273 0 14.7 6.1 5.0 2.5 2 0 2 2 2
-2789.4 -850.1 6.2 274 0 10.1 18.4 10.0 2.5 2 1 4 5 5
-2750.2 -896.8 7.2 90 0 4.3 8.2 2.5 0.0 0 1 1 4 4
-2750.3 -910.0 7.4 99 0 4.3 9.2 5.0 0.0 0 1 2 0 0
-2744.4 -855.2 6.9 270 0 7.5 6.0 7.5 2.5 2 0 3 1 1
-2724.5 -880.0 7.3 1 0 6.0 12.9 7.5 2.5 2 1 3 5 5
-2719.4 -861.5 7.2 358 0 8.0 10.4 7.5 2.5 2 1 3 3 3
-2751.1 -840.8 6.7 264 0 8.1 6.0 2.5 2.5 2 0 1 3 3
-2732.0 -782.8 6.3 272 0 16.7 26.9 15.0 0.0 0 1 6 0 0
-2707.0 -824.5 7.0 358 0 18.3 6.7 5.0 2.5 2 0 2 1 1
-2738.4 -838.7 6.9 270 0 4.2 9.2 7.5 2.5 2 1 3 5 5
-2737.8 -817.6 6.6 268 0 6.2 17.7 7.5 2.5 2 1 3 4 4
-2694.6 -824.1 7.2 355 0 15.2 6.0 7.5 2.5 2 0 3 2 2
-2706.9 -842.0 7.2 354 0 12.0 10.2 2.5 2.5 2 0 1 1 1
-2725.1 -825.9 6.8 358 0 18.0 6.7 7.5 2.5 2 0 3 0 0
-2776.7 -737.7 5.2 187 0 16.2 12.8 7.5 2.5 2 0 3 4 4
-3103.9 -1145.0 3.7 98 0 6.5 7.4 5.0 2.5 2 1 2 4 4
-3301.3 -1124.9 3.9 103 0 16.3 12.6 5.0 2.5 2 0 2 4 4
-3192.1 -1007.2 2.3 208 0 9.9 10.6 5.0 2.5 2 1 2 5 5
-3117.6 -1084.6 3.0 287 0 6.5 11.0 7.5 2.5 4 1 3 1 1
-3125.4 -1085.4 2.9 287 0 5.9 5.5 5.0 2.5 2 0 2 4 4
-3149.4 -1084.6 2.5 197 0 6.0 5.4 7.5 2.5 4 0 3 1 1
-3161.7 -1104.9 2.6 192 0 5.8 6.2 5.0 2.5 2 1 2 5 5
-3129.8 -1102.2 3.0 284 0 5.5 5.6 5.0 2.5 2 1 2 0 0
-3126.5 -1127.3 3.2 99 0 7.3 7.5 5.0 2.5 2 1 2 2 2
-3092.5 -1090.2 3.5 281 0 11.9 7.9 7.5 2.5 4 0 3 1 1
-3114.2 -1099.1 3.2 286 0 7.6 4.8 7.5 2.5 2 0 3 5 5
-3077.7 -1176.0 4.3 104 0 6.8 16.1 5.0 2.5 2 1 2 0 0
-3065.6 -1126.5 4.2 282 0 8.4 13.4 7.5 2.5 2 1 3 1 1
-3083.1 -1193.9 4.4 100 0 7.3 13.1 7.5 2.5 2 1 3 0 0
-3046.5 -1175.0 4.8 19 0 7.1 8.9 7.5 0.0 0 1 3 2 2
-3050.8 -1118.6 4.5 288 0 3.9 7.7 2.5 2.5 2 1 1 3 3
-2609.2 -662.6 5.6 102 0 15.6 34.7 10.0 2.5 2 1 4 2 2
-2574.7 -615.0 6.1 290 0 7.5 18.9 7.5 2.5 2 1 3 5 5
-2585.2 -618.3 5.8 18 0 13.5 6.0 5.0 0.0 0 0 2 3 3
-2636.0 -554.2 4.0 284 0 20.3 10.1 5.0 0.0 0 0 2 3 3
-2639.2 -538.2 3.8 275 0 8.4 6.6 2.5 2.5 2 0 1 4 4
-2647.3 -563.9 4.1 285 0 9.1 33.4 7.5 2.5 2 1 3 1 1
-2584.9 -572.6 5.3 14 0 4.4 11.1 2.5 2.5 2 1 1 4 4
-2664.7 -575.1 4.0 280 0 11.4 9.5 5.0 2.5 4 0 2 0 0
-2706.7 -555.6 3.3 284 0 8.0 11.2 2.5 2.5 2 1 1 5 5
-2698.1 -564.7 3.5 279 0 12.4 9.6 7.5 2.5 2 0 3 5 5
-2698.0 -614.0 4.1 104 0 5.8 15.5 5.0 2.5 2 1 2 0 0
-2730.2 -572.2 3.6 196 0 7.4 9.8 5.0 2.5 4 1 2 0 0
-2667.0 -631.7 4.7 112 0 18.2 12.1 5.0 2.5 2 0 2 4 4
-2694.7 -647.8 4.8 109 0 6.7 12.5 7.5 2.5 4 1 3 2 2
-2690.6 -633.8 4.6 112 0 5.8 6.9 5.0 2.5 2 1 2 5 5
-2698.3 -634.6 4.6 105 0 4.6 9.2 2.5 2.5 2 1 1 4 4
-2664.9 -642.6 5.0 100 0 8.4 5.0 7.5 0.0 0 0 3 4 4
-2750.1 -592.8 3.8 187 0 18.0 6.8 2.5 2.5 2 0 1 2 2
-2637.7 -871.4 8.7 273 0 7.7 10.4 5.0 0.0 0 1 2 2 2
-2672.7 -859.9 8.0 272 0 9.6 14.0 7.5 2.5 2 1 3 2 2
-2661.5 -842.5 8.0 267 0 12.5 10.4 7.5 2.5 2 0 3 1 1
-2627.6 -837.1 8.5 269 0 6.4 10.7 5.0 2.5 2 1 2 4 4
-2659.9 -901.3 8.6 271 0 9.7 7.6 5.0 2.5 2 0 2 1 1
-2654.2 -885.6 8.6 270 0 5.4 6.4 7.5 2.5 2 1 3 3 3
-2637.3 -863.9 8.6 276 0 5.8 6.1 7.5 2.5 2 1 3 3 3
-2628.6 -884.6 8.9 271 0 10.7 12.8 5.0 2.5 2 1 2 4 4
-2692.1 -859.1 7.7 272 0 12.1 10.4 7.5 2.5 2 0 3 0 0
-1950.6 -1160.6 17.0 193 0 8.7 14.4 7.5 2.5 2 1 3 2 2
-1959.3 -1220.9 17.2 106 0 13.7 19.2 10.0 2.5 2 0 4 1 1
-1968.7 -1198.6 17.5 104 0 7.9 6.9 2.5 2.5 4 0 1 3 3
-1981.6 -1196.1 17.6 191 0 6.7 7.5 5.0 2.5 2 1 2 4 4
-1993.5 -1210.8 17.8 105 0 9.8 9.4 7.5 2.5 2 0 3 0 0
-1976.1 -1235.1 17.7 291 0 13.3 23.9 5.0 2.5 2 1 2 4 4
-1995.3 -1188.9 17.8 190 0 11.4 9.1 2.5 2.5 2 0 1 0 0
-1977.7 -1176.8 17.5 196 0 5.2 8.0 2.5 2.5 2 0 1 4 4
-1984.9 -1259.2 17.9 295 0 7.4 6.3 7.5 2.5 2 0 3 2 2
-1981.0 -1213.1 17.7 95 0 12.2 9.7 2.5 2.5 2 0 1 2 2
-2012.4 -1176.5 18.1 14 0 9.8 4.6 5.0 2.5 2 0 2 0 0
-2014.8 -1194.2 18.1 18 0 12.4 5.6 5.0 2.5 2 0 2 4 4
-2017.6 -1217.4 18.3 12 0 9.0 11.4 5.0 2.5 2 1 2 2 2
-2031.6 -1208.3 18.4 7 0 11.8 6.7 7.5 2.5 2 0 3 4 4
-2021.6 -1178.5 18.2 13 0 8.2 12.1 7.5 2.5 2 1 3 4 4
-2022.7 -1168.3 18.2 9 0 6.8 7.8 5.0 2.5 2 1 2 2 2
-2033.9 -1150.2 18.2 13 0 10.5 12.4 7.5 2.5 4 1 3 5 5
-2065.4 -1204.0 18.7 104 0 13.2 10.7 5.0 2.5 2 0 2 3 3
-2028.1 -1318.3 18.6 207 0 7.0 6.9 5.0 2.5 2 0 2 3 3
-1999.6 -1308.1 18.2 295 0 3.8 11.1 2.5 2.5 2 1 1 4 4
-2026.3 -1350.9 18.6 112 0 8.6 9.9 5.0 2.5 2 1 2 3 3
-1991.5 -1290.8 18.0 295 0 11.6 5.9 7.5 2.5 2 0 3 1 1
-1993.6 -1280.8 18.0 298 0 13.1 8.2 7.5 2.5 2 0 3 2 2
-2068.6 -1315.1 19.1 195 0 12.7 11.5 7.5 2.5 2 0 3 3 3
-2000.2 -1378.4 18.2 26 0 6.7 11.6 7.5 0.0 0 1 3 5 5
-1996.0 -1389.5 18.0 115 0 8.3 8.6 7.5 2.5 4 1 3 3 3
-1934.0 -1315.2 17.0 21 0 6.1 7.9 7.5 2.5 2 0 3 4 4
-1926.5 -1301.3 16.9 19 0 6.8 6.5 5.0 2.5 2 0 2 0 0
-1940.7 -1259.5 17.0 289 0 16.2 9.2 7.5 2.5 2 0 3 3 3
-1936.3 -1247.1 17.1 290 0 4.6 12.2 7.5 2.5 2 1 3 0 0
-1891.2 -1252.5 16.0 199 0 9.2 15.2 2.5 2.5 2 1 1 2 2
-1893.9 -1237.5 16.2 108 0 13.3 7.7 5.0 2.5 4 0 2 0 0
-1979.3 -999.1 16.8 191 0 8.6 14.9 2.5 2.5 2 1 1 3 3
-1984.8 -1022.8 16.9 103 0 18.4 16.3 10.0 0.0 0 0 4 5 5
-1990.3 -1050.7 17.3 16 0 9.5 11.0 5.0 2.5 4 1 2 1 1
-1980.7 -1061.4 17.2 14 0 4.9 7.7 5.0 2.5 2 1 2 5 5
-1967.8 -1038.7 16.9 197 0 11.3 8.4 2.5 2.5 2 0 1 5 5
-2012.4 -1042.1 17.5 289 0 6.2 14.3 7.5 2.5 2 1 3 1 1
-1982.5 -1071.0 17.3 10 0 9.0 10.5 2.5 2.5 4 1 1 2 2
-1953.1 -1108.7 16.9 200 0 16.1 11.7 5.0 2.5 2 0 2 3 3
-1936.0 -1107.7 16.6 199 0 9.0 13.8 5.0 0.0 0 1 2 2 2
-1938.7 -1117.1 16.7 197 0 7.2 13.6 7.5 2.5 4 1 3 4 4
-1892.6 -1050.1 16.0 290 0 8.2 24.9 5.0 2.5 2 1 2 4 4
-1897.1 -1086.3 16.2 20 0 8.4 21.9 7.5 0.0 0 1 3 0 0
-1896.3 -1155.0 16.3 12 0 6.6 12.8 5.0 2.5 2 1 2 5 5
-1978.5 -1091.1 17.2 188 0 5.3 11.9 2.5 2.5 2 1 1 2 2
-1946.9 -1088.5 16.8 197 0 5.6 12.0 2.5 2.5 2 1 1 1 1
-1986.6 -1105.7 17.3 192 0 10.7 15.4 5.0 2.5 2 1 2 2 2
-1969.9 -1121.2 17.2 192 0 4.9 9.2 5.0 2.5 4 1 2 0 0
-1990.8 -1107.2 17.5 10 0 8.3 12.1 5.0 2.5 2 1 2 3 3
-2019.6 -1076.6 17.7 14 0 19.8 10.5 7.5 2.5 4 0 3 5 5
-1888.8 -1155.8 16.2 13 0 13.9 6.5 7.5 2.5 2 0 3 5 5
-2074.2 -1143.7 18.6 188 0 8.7 11.9 2.5 2.5 2 1 1 2 2
-2006.0 -1108.1 17.7 15 0 11.3 5.7 5.0 2.5 2 0 2 0 0
-2052.1 -988.7 17.7 290 0 11.5 9.8 7.5 2.5 4 0 3 4 4
-2351.3 50.7 -1.7 276 0 6.0 11.4 5.0 2.5 2 1 2 1 1
-2320.9 50.8 -1.7 272 0 6.3 7.6 5.0 2.5 2 1 2 3 3
-2363.7 50.4 -1.7 279 0 7.2 8.0 7.5 2.5 2 0 3 2 2
-2385.7 66.1 -1.8 271 0 6.7 11.7 2.5 2.5 2 1 1 2 2
-2326.6 -46.1 -1.6 272 0 5.5 7.3 5.0 2.5 2 1 2 1 1
-2326.8 65.0 -1.7 90 0 15.9 5.8 5.0 2.5 2 0 2 4 4
-2306.6 -93.2 -1.8 11 0 9.2 14.6 7.5 2.5 2 1 3 2 2
-2385.6 45.3 -1.8 180 0 5.0 6.1 7.5 2.5 2 1 3 1 1
-2328.8 56.1 -1.7 261 0 5.7 5.6 7.5 2.5 2 0 3 5 5
-1509.0 821.8 -3.8 275 0 4.9 6.7 7.5 2.5 2 1 3 5 5
-1498.9 823.9 -3.8 181 0 7.3 10.9 5.0 0.0 0 1 2 1 1
-1435.4 847.7 -3.9 9 0 8.0 5.9 7.5 2.5 2 0 3 3 3
-1448.5 868.8 -4.2 183 0 5.1 8.2 5.0 2.5 2 1 2 5 5
-1426.9 882.0 -4.6 278 0 6.5 8.5 7.5 2.5 2 1 3 1 1
-1407.5 862.1 -4.3 3 0 7.6 5.4 2.5 2.5 2 0 1 1 1
-1448.9 811.2 -3.8 3 0 7.5 6.3 2.5 2.5 2 0 1 5 5
-1422.6 790.5 -3.8 20 0 11.8 7.4 5.0 2.5 2 0 2 1 1
-1458.5 809.0 -3.8 3 0 7.9 4.8 2.5 2.5 2 0 1 2 2
-1474.8 816.5 -3.8 270 0 4.6 7.0 5.0 2.5 2 1 2 1 1
-1482.7 817.3 -3.8 280 0 6.0 9.8 5.0 2.5 2 1 2 1 1
-1479.8 829.1 -3.8 275 0 5.1 9.7 2.5 2.5 2 1 1 1 1
-1482.4 772.5 -3.7 106 0 6.5 8.0 5.0 2.5 4 1 2 1 1
-1484.8 753.5 -3.6 25 0 5.9 10.7 5.0 2.5 2 1 2 4 4
-1519.2 782.8 -3.7 196 0 6.8 6.3 5.0 2.5 2 0 2 2 2
-1524.4 780.8 -3.7 110 0 4.2 10.1 5.0 2.5 2 1 2 1 1
-1660.0 141.4 -0.8 202 0 13.9 21.3 7.5 2.5 2 1 3 0 0
-1662.5 -48.8 2.5 26 0 13.6 30.3 12.5 2.5 2 1 5 0 0
-1567.5 162.8 -0.7 18 0 15.3 18.9 10.0 2.5 4 1 4 0 0
-1636.6 32.3 1.2 22 0 9.2 17.7 7.5 2.5 2 1 3 5 5
-1585.8 113.5 0.8 23 0 10.3 5.3 5.0 2.5 2 0 2 5 5
-1664.2 55.8 0.9 202 0 7.7 13.0 5.0 2.5 2 1 2 3 3
-1510.3 305.1 -0.9 111 0 9.4 7.8 7.5 2.5 2 0 3 4 4
-1489.6 308.0 -1.2 21 0 13.7 11.6 2.5 2.5 2 0 1 0 0
-1687.1 -23.2 2.1 201 0 9.4 11.1 5.0 2.5 2 1 2 4 4
-1651.1 -25.6 2.4 33 0 9.4 10.6 2.5 0.0 0 1 1 0 0
-1635.7 -39.5 2.6 203 0 6.5 7.5 7.5 2.5 2 1 3 3 3
-1620.7 -31.1 2.0 197 0 8.9 5.7 5.0 2.5 2 0 2 2 2
-1609.2 -29.3 1.7 207 0 10.2 6.2 7.5 2.5 2 0 3 4 4
-1592.1 -9.6 1.5 202 0 12.3 6.9 2.5 2.5 2 0 1 2 2
-1573.9 -14.4 1.5 292 0 11.7 9.0 7.5 2.5 2 0 3 3 3
-1578.4 -48.4 1.6 119 0 6.1 9.8 2.5 2.5 2 1 1 4 4
-1611.5 2.7 1.6 199 0 9.1 8.2 7.5 2.5 2 0 3 2 2
-1544.1 -37.3 1.1 115 0 11.0 7.6 5.0 2.5 2 0 2 3 3
-1589.9 45.2 1.3 201 0 22.0 7.3 7.5 2.5 2 0 3 1 1
-1576.7 69.9 1.1 193 0 7.6 4.5 5.0 2.5 2 0 2 4 4
-1578.3 79.8 1.1 203 0 10.6 6.1 5.0 2.5 2 0 2 2 2
-1468.6 141.0 -1.9 103 0 5.7 11.1 7.5 0.0 0 1 3 3 3
-1424.7 135.4 -2.2 9 0 4.9 11.3 2.5 2.5 2 1 1 1 1
-1483.8 231.9 -2.3 195 0 8.0 20.2 2.5 2.5 2 1 1 4 4
-1505.9 198.0 -1.8 193 0 8.2 18.1 2.5 2.5 2 1 1 1 1
-1461.4 265.5 -2.6 196 0 7.3 6.2 5.0 2.5 2 0 2 0 0
-1468.0 304.4 -2.8 194 0 8.3 11.6 5.0 0.0 0 1 2 4 4
-2549.5 -1192.7 13.3 4 0 8.2 6.3 5.0 2.5 4 0 2 3 3
-2571.5 -1189.5 13.0 189 0 7.4 7.1 5.0 2.5 2 0 2 3 3
-2553.4 -1213.3 13.4 16 0 5.2 8.0 5.0 0.0 0 1 2 4 4
-2574.4 -1164.3 12.7 288 0 5.8 9.0 5.0 2.5 2 1 2 0 0
-2631.1 -1124.6 11.4 107 0 7.0 10.4 2.5 2.5 2 1 1 4 4
-2619.5 -1078.0 11.0 14 0 12.7 9.6 7.5 0.0 0 0 3 2 2
-2683.8 -1001.9 9.3 191 0 23.8 12.7 10.0 2.5 2 0 4 3 3
-2684.2 -1042.3 9.5 91 0 13.6 19.6 7.5 2.5 2 1 3 5 5
-2692.4 -935.3 8.5 183 0 10.6 9.6 7.5 2.5 2 0 3 1 1
-2594.6 -1067.2 11.1 19 0 31.5 11.9 10.0 2.5 4 0 4 3 3
-2673.7 -1083.8 10.3 110 0 5.9 19.2 2.5 2.5 2 1 1 0 0
-2628.5 -1038.1 10.5 15 0 11.2 7.3 5.0 2.5 2 0 2 5 5
-2757.3 -986.6 8.1 186 0 10.9 10.2 5.0 2.5 2 0 2 4 4
-2807.9 -1066.3 8.2 175 0 15.5 7.0 5.0 2.5 4 0 2 3 3
-2751.4 -1077.5 9.2 200 0 11.1 6.8 7.5 0.0 0 0 3 2 2
-2769.8 -1072.4 8.8 197 0 8.2 9.0 5.0 2.5 2 1 2 5 5
-2706.7 -1199.9 10.9 26 0 8.7 7.8 7.5 2.5 2 0 3 0 0
-2809.7 -1239.5 9.4 111 0 17.7 6.6 7.5 2.5 2 0 3 0 0
-2818.3 -1104.3 8.2 278 0 16.3 13.3 7.5 2.5 2 0 3 5 5
-2829.1 -1186.4 8.8 182 0 7.6 7.8 5.0 2.5 2 1 2 1 1
-2842.5 -1185.7 8.6 192 0 6.9 10.4 5.0 2.5 2 1 2 3 3
-2779.7 -1194.5 9.6 6 0 4.8 8.5 5.0 0.0 0 1 2 4 4
-2807.8 -1182.7 9.1 184 0 7.9 9.8 2.5 2.5 2 1 1 0 0
-2778.1 -1181.4 9.5 90 0 5.5 10.2 5.0 2.5 2 1 2 2 2
-2815.5 -1159.7 8.8 173 0 7.3 7.6 2.5 0.0 0 1 1 2 2
-2824.4 -1160.2 8.6 171 0 8.2 5.3 7.5 0.0 0 0 3 4 4
-2833.8 -1137.3 8.3 182 0 10.5 6.4 7.5 2.5 2 0 3 2 2
-2840.8 -1104.8 7.9 275 0 8.9 10.3 2.5 2.5 4 1 1 1 1
-2802.3 -1165.7 9.1 183 0 10.5 8.0 2.5 2.5 2 0 1 4 4
-2785.2 -1082.6 8.7 180 0 6.1 6.1 5.0 2.5 2 0 2 2 2
-2786.7 -1099.7 8.9 189 0 7.0 5.6 5.0 2.5 2 0 2 1 1
-2780.4 -1041.1 8.4 192 0 10.0 8.6 5.0 2.5 2 0 2 2 2
-2750.4 -1056.6 8.9 123 0 4.8 8.2 5.0 2.5 2 1 2 3 3
-2797.4 -1085.2 8.6 195 0 6.9 6.5 5.0 2.5 2 0 2 4 4
-2785.6 -1025.3 8.1 289 0 7.1 11.4 5.0 2.5 2 1 2 2 2
-2723.0 -1147.5 10.2 14 0 7.2 9.1 7.5 2.5 2 1 3 2 2
-2761.4 -1013.9 8.3 270 0 9.3 7.3 5.0 2.5 4 0 2 1 1
-2744.9 -1029.2 8.7 278 0 5.7 12.4 2.5 2.5 2 1 1 3 3
-2733.6 -1008.6 8.7 187 0 4.7 7.2 7.5 2.5 2 1 3 3 3
-2667.9 -1062.5 10.2 112 0 6.0 10.3 7.5 2.5 2 1 3 1 1
-2681.4 -1060.4 9.9 102 0 6.5 9.6 7.5 2.5 2 1 3 3 3
-2690.6 -1164.6 10.9 21 0 6.6 8.4 7.5 2.5 2 1 3 5 5
-2699.0 -1186.5 10.8 18 0 6.7 14.8 5.0 2.5 2 1 2 2 2
-2635.8 -1002.7 10.0 7 0 10.0 6.8 7.5 2.5 2 0 3 2 2
-2632.2 -1024.7 10.3 98 0 4.4 13.6 5.0 2.5 2 1 2 3 3
-2637.7 -988.4 9.8 18 0 8.6 5.5 2.5 2.5 2 0 1 2 2
-2650.3 -990.3 9.6 11 0 4.5 10.0 7.5 2.5 2 1 3 3 3
-2708.2 -992.6 8.9 182 0 8.2 5.2 7.5 2.5 2 0 3 1 1
-2700.6 -960.9 8.7 182 0 9.6 7.5 5.0 2.5 2 0 2 4 4
-2716.2 -975.9 8.6 183 0 10.5 8.7 5.0 2.5 2 0 2 1 1
-2716.4 -960.3 8.4 185 0 12.6 4.1 2.5 2.5 2 0 1 4 4
-2712.5 -961.8 8.5 185 0 10.4 6.1 7.5 2.5 2 0 3 5 5
-2585.1 -934.9 9.9 9 0 9.2 14.2 2.5 2.5 2 1 1 1 1
-2583.5 -921.6 9.8 2 0 8.5 12.2 2.5 2.5 2 1 1 0 0
-2578.6 -989.2 10.7 11 0 10.4 8.8 7.5 2.5 2 0 3 5 5
-2600.8 -1026.3 10.7 7 0 7.6 11.5 2.5 2.5 2 1 1 2 2
-2586.5 -1030.3 11.0 8 0 6.5 8.9 7.5 2.5 2 1 3 1 1
-2570.0 -844.0 9.4 282 0 10.7 8.4 5.0 2.5 4 0 2 4 4
-2551.7 -878.5 9.9 11 0 10.4 11.4 10.0 2.5 2 1 4 3 3
-2563.8 -919.9 10.2 2 0 8.2 9.3 7.5 2.5 2 1 3 3 3
-2546.9 -969.1 10.9 16 0 4.2 8.9 5.0 2.5 2 1 2 1 1
-2599.6 -891.6 9.2 85 0 6.4 22.0 7.5 2.5 2 1 3 1 1
-2610.6 -917.7 9.5 7 0 18.5 4.7 7.5 2.5 2 0 3 5 5
-2549.6 -844.6 9.7 284 0 10.4 12.3 10.0 2.5 2 1 4 1 1
-2559.0 -830.6 9.2 14 0 4.8 15.6 7.5 2.5 2 1 3 3 3
-2640.0 -839.6 8.3 272 0 11.9 15.2 2.5 2.5 2 1 1 0 0
2395.2 -1848.4 -18.8 293 0 8.2 11.8 2.5 2.5 2 1 1 1 1
2498.7 -1863.8 -19.7 103 0 15.2 10.8 5.0 2.5 2 0 2 3 3
2557.0 -1637.1 -16.4 127 0 9.9 8.7 7.5 2.5 2 0 3 3 3
2613.0 -1487.9 -14.6 198 0 8.6 8.6 2.5 2.5 2 1 1 1 1
2627.9 -1454.7 -14.2 302 0 11.1 9.3 5.0 2.5 4 0 2 5 5
2682.9 -1525.1 -15.5 36 0 11.2 6.9 7.5 0.0 0 0 3 4 4
2714.0 -1597.7 -17.1 207 0 7.3 10.1 2.5 2.5 2 1 1 4 4
2769.7 -1553.7 -16.8 206 0 14.1 10.4 10.0 2.5 2 0 4 5 5
2909.3 -1512.0 -17.0 103 0 9.1 12.0 5.0 2.5 4 1 2 2 2
2952.2 -1507.9 -17.3 19 0 9.2 31.5 7.5 2.5 2 1 3 3 3
2898.2 -1478.5 -16.5 202 0 7.7 11.3 2.5 2.5 2 1 1 2 2
2969.9 -1529.8 -18.0 205 0 12.6 9.6 5.0 2.5 2 0 2 2 2
2961.0 -1567.6 -18.5 205 0 7.8 7.7 5.0 2.5 2 0 2 4 4
2956.5 -1579.9 -18.7 197 0 6.1 9.1 5.0 2.5 2 1 2 4 4
3034.8 -1460.8 -17.2 112 0 9.4 7.9 2.5 2.5 2 0 1 0 0
3020.6 -1433.2 -16.6 112 0 3.8 9.1 7.5 2.5 4 1 3 3 3
3063.6 -1411.5 -16.6 30 0 11.9 9.4 7.5 2.5 2 0 3 0 0
2999.5 -1383.0 -15.7 193 0 8.1 4.2 5.0 2.5 2 0 2 5 5
3006.5 -1383.8 -15.8 193 0 8.1 10.9 5.0 2.5 2 1 2 1 1
3010.8 -1376.3 -15.6 189 0 3.8 8.1 5.0 2.5 4 1 2 0 0
3008.3 -1336.3 -15.0 203 0 5.4 10.2 7.5 2.5 2 1 3 1 1
3003.2 -1319.6 -14.7 194 0 7.5 7.9 2.5 2.5 2 1 1 2 2
2959.4 -1284.5 -13.8 205 0 7.0 7.0 2.5 2.5 4 0 1 3 3
3107.8 -1312.1 -15.4 204 0 8.0 7.2 5.0 2.5 2 0 2 5 5
3227.6 -1299.7 -16.1 294 0 7.0 10.9 5.0 2.5 4 1 2 0 0
3215.8 -1340.8 -16.6 18 0 6.7 9.5 2.5 2.5 2 1 1 3 3
3207.3 -1295.8 -15.9 201 0 7.5 8.5 7.5 2.5 2 1 3 5 5
3146.5 -1226.4 -14.1 25 0 5.5 9.9 5.0 2.5 2 1 2 2 2
3142.1 -1220.4 -14.0 122 0 7.2 9.3 7.5 2.5 2 1 3 2 2
3264.3 -1242.2 -15.3 26 0 7.4 14.7 5.0 2.5 2 1 2 2 2
3227.0 -1174.5 -13.9 106 0 9.4 6.4 5.0 2.5 4 0 2 2 2
3188.9 -1155.3 -13.4 211 0 9.1 6.7 5.0 2.5 2 0 2 4 4
3168.2 -1216.0 -14.1 30 0 7.0 9.9 7.5 2.5 2 1 3 4 4
3114.1 -1156.0 -12.8 25 0 9.0 8.9 2.5 2.5 2 0 1 2 2
3063.4 -1151.8 -12.6 203 0 12.9 8.2 5.0 2.5 2 0 2 2 2
3077.5 -1139.4 -12.5 214 0 10.5 8.2 7.5 2.5 2 0 3 0 0
3084.7 -1097.6 -11.8 201 0 7.7 4.0 2.5 2.5 2 0 1 3 3
3069.6 -1078.4 -11.4 31 0 7.5 6.1 7.5 2.5 4 0 3 0 0
3032.4 -1147.0 -12.2 129 0 6.4 5.4 7.5 2.5 2 0 3 2 2
2998.8 -1148.1 -12.0 300 0 4.7 7.5 2.5 0.0 0 1 1 5 5
3158.7 -1013.3 -11.1 302 0 6.5 10.0 5.0 2.5 4 1 2 4 4
3134.5 -958.5 -10.0 27 0 7.0 6.5 5.0 2.5 2 0 2 1 1
3188.9 -938.5 -10.2 218 0 7.7 10.4 2.5 2.5 2 1 1 4 4
3159.6 -908.9 -9.4 110 0 4.3 9.5 2.5 2.5 2 1 1 4 4
3101.9 -854.1 -8.2 20 0 8.9 5.2 7.5 0.0 0 0 3 5 5
3069.4 -951.4 -9.4 116 0 5.2 6.3 2.5 0.0 0 1 1 5 5
2887.6 -1063.8 -10.0 123 0 10.7 8.7 2.5 2.5 2 0 1 4 4
2830.9 -995.4 -8.6 292 0 4.2 8.5 7.5 0.0 0 1 3 1 1
2741.6 -967.6 -7.5 110 0 4.3 7.0 7.5 2.5 2 1 3 2 2
2666.0 -951.3 -6.7 116 0 5.2 6.3 5.0 0.0 0 1 2 2 2
2626.5 -842.2 -4.8 26 0 6.3 5.2 5.0 2.5 2 0 2 2 2
2613.8 -919.5 -6.0 121 0 13.2 7.4 5.0 2.5 2 0 2 5 5
2597.2 -939.8 -6.2 294 0 5.9 9.9 7.5 2.5 2 1 3 4 4
2587.3 -928.6 -6.0 295 0 8.2 9.0 5.0 2.5 2 1 2 3 3
2559.9 -921.5 -5.7 306 0 10.4 10.0 2.5 2.5 2 0 1 5 5
2493.2 -1331.9 -11.5 208 0 6.9 11.3 7.5 2.5 2 1 3 3 3
2345.7 -1525.8 -13.3 32 0 5.6 8.2 5.0 2.5 2 1 2 0 0
2346.3 -1498.0 -13.0 205 0 4.2 9.7 7.5 2.5 4 1 3 3 3
2350.0 -1491.0 -12.9 205 0 5.5 8.6 7.5 2.5 2 0 3 4 4
2371.1 -1505.9 -13.1 27 0 5.9 8.8 2.5 2.5 2 1 1 2 2
2315.4 -1411.7 -11.4 287 0 7.6 7.9 5.0 0.0 0 1 2 3 3
2289.6 -1439.7 -11.6 22 0 13.4 8.5 7.5 2.5 2 0 3 5 5
2296.5 -1412.6 -11.4 274 0 3.8 11.0 2.5 2.5 4 1 1 1 1
2197.4 -1359.6 -9.3 294 0 7.5 6.4 2.5 2.5 2 0 1 1 1
2161.9 -1381.1 -9.3 199 0 9.9 12.5 7.5 2.5 2 1 3 5 5
2052.0 -1615.4 -11.6 288 0 8.8 5.8 7.5 2.5 2 0 3 2 2
2051.4 -1755.1 -13.7 23 0 6.0 15.5 7.5 2.5 2 1 3 3 3
1999.9 -1677.9 -12.0 201 0 5.0 7.3 5.0 2.5 2 1 2 5 5
1980.1 -1719.9 -12.3 19 0 8.0 9.6 7.5 2.5 2 1 3 4 4
1897.0 -1791.0 -12.9 205 0 5.5 10.0 7.5 2.5 2 1 3 4 4
1942.4 -1796.6 -13.3 12 0 5.7 8.2 7.5 2.5 2 1 3 3 3
1929.2 -1672.7 -10.9 300 0 6.0 5.3 7.5 2.5 2 0 3 0 0
1958.0 -1695.3 -11.7 303 0 6.0 8.2 2.5 2.5 2 0 1 0 0
1929.9 -1785.3 -13.0 19 0 5.5 7.2 5.0 2.5 2 1 2 1 1
1901.6 -1770.1 -12.4 124 0 6.6 5.3 5.0 2.5 2 0 2 2 2
1918.5 -1724.2 -11.8 288 0 3.8 9.1 2.5 2.5 2 1 1 1 1
1926.6 -1731.9 -12.0 20 0 9.4 3.4 5.0 2.5 2 0 2 2 2
1894.4 -1733.8 -11.8 197 0 11.0 5.9 7.5 2.5 2 0 3 2 2
1890.7 -1743.3 -11.9 198 0 5.7 8.4 5.0 2.5 2 1 2 5 5
1894.1 -1720.6 -11.6 200 0 7.3 10.4 7.5 2.5 2 1 3 2 2
1893.7 -1755.4 -12.2 203 0 4.9 6.1 7.5 2.5 4 1 3 5 5
1932.0 -1743.8 -12.2 24 0 5.4 6.2 5.0 2.5 2 1 2 2 2
1951.1 -1712.2 -11.9 299 0 5.8 8.1 2.5 2.5 2 1 1 4 4
1929.3 -1703.1 -11.5 295 0 6.4 6.3 7.5 2.5 2 0 3 5 5
1933.0 -1695.4 -11.4 286 0 6.8 6.5 5.0 2.5 2 0 2 3 3
1922.0 -1691.6 -11.2 287 0 5.6 6.6 5.0 2.5 2 1 2 2 2
1865.7 -1747.4 -11.9 197 0 7.3 15.1 5.0 2.5 4 1 2 3 3
1861.1 -1719.8 -11.2 174 0 10.3 13.2 5.0 2.5 2 1 2 2 2
1854.7 -1758.4 -11.9 199 0 4.9 11.9 2.5 2.5 2 1 1 5 5
1904.6 -1658.7 -10.5 281 0 7.8 9.6 7.5 2.5 2 1 3 4 4
1922.6 -1661.5 -10.7 290 0 6.4 5.4 5.0 2.5 2 0 2 4 4
1840.8 -1512.2 -7.2 98 0 6.9 8.1 2.5 2.5 4 1 1 3 3
1851.7 -1496.8 -7.1 15 0 5.1 6.2 5.0 2.5 2 1 2 3 3
1850.3 -1443.1 -6.4 281 0 8.2 7.9 7.5 0.0 0 0 3 1 1
1813.4 -1466.1 -6.3 284 0 9.2 12.2 5.0 2.5 2 1 2 1 1
1837.3 -1436.8 -6.1 284 0 6.9 6.0 7.5 2.5 2 0 3 0 0
1694.5 -1362.0 -3.0 119 0 6.0 11.2 7.5 2.5 2 1 3 1 1
1800.0 -1228.1 -2.2 29 0 7.3 5.0 2.5 2.5 2 0 1 5 5
1713.5 -1355.8 -3.2 18 0 5.8 7.0 5.0 2.5 2 1 2 1 1
1782.7 -1218.1 -1.8 113 0 5.7 7.3 5.0 2.5 2 1 2 5 5
1780.4 -1187.9 -1.4 207 0 6.4 8.5 5.0 2.5 2 1 2 2 2
2138.5 -1012.1 -2.9 17 0 7.0 9.5 5.0 2.5 2 1 2 5 5
2120.7 -982.1 -2.3 295 0 5.9 8.5 5.0 2.5 2 1 2 5 5
2067.7 -934.4 -0.9 206 0 8.3 8.7 2.5 2.5 2 1 1 5 5
2189.1 -926.9 -2.3 203 0 7.9 7.2 7.5 2.5 2 0 3 0 0
2208.5 -912.3 -2.2 21 0 7.2 6.1 2.5 2.5 2 0 1 1 1
2185.8 -897.9 -1.8 211 0 6.6 6.7 2.5 2.5 4 1 1 1 1
2417.6 -841.7 -3.5 293 0 11.6 8.8 7.5 2.5 2 0 3 3 3
1787.0 -1000.3 1.6 13 0 6.7 5.1 7.5 2.5 2 0 3 0 0
1727.5 -1028.1 1.8 194 0 7.4 4.8 7.5 2.5 2 0 3 0 0
1439.9 -1131.1 1.6 298 0 6.6 12.4 5.0 2.5 2 1 2 0 0
1427.0 -1139.5 1.5 117 0 4.7 14.4 7.5 2.5 2 1 3 3 3
1448.2 -1514.5 -3.2 200 0 7.4 8.5 5.0 2.5 2 1 2 4 4
1452.9 -1664.8 -5.9 97 0 5.5 6.0 7.5 2.5 2 1 3 0 0
1412.7 -1962.8 -9.2 103 0 6.1 5.8 5.0 2.5 2 0 2 0 0
1485.0 -2107.8 -10.0 116 0 5.0 6.4 5.0 2.5 2 1 2 3 3
1465.2 -2516.8 -9.6 183 0 5.7 7.6 5.0 2.5 2 1 2 4 4
1550.6 -1902.0 -10.7 18 0 5.7 6.1 2.5 2.5 2 1 1 0 0
1548.7 -1920.8 -10.7 108 0 6.8 5.8 5.0 2.5 2 0 2 0 0
1544.8 -1839.3 -10.3 283 0 10.0 6.6 7.5 2.5 2 0 3 2 2
1568.5 -1679.8 -7.4 107 0 4.8 6.6 7.5 2.5 2 1 3 4 4
1809.0 -1365.6 -4.5 110 0 6.6 5.9 7.5 2.5 2 0 3 1 1
2755.7 -2318.9 -17.0 92 0 9.1 9.6 7.5 2.5 2 1 3 0 0
2755.4 -2330.6 -16.6 290 0 5.1 7.9 7.5 2.5 2 1 3 5 5
2729.4 -2343.5 -16.1 282 0 10.3 9.1 7.5 2.5 2 0 3 3 3
2721.7 -2323.5 -16.4 281 0 5.2 9.1 2.5 2.5 2 1 1 2 2
2734.2 -2324.1 -16.5 283 0 9.5 6.6 7.5 2.5 2 0 3 1 1
2743.5 -2326.2 -16.5 287 0 6.3 6.4 7.5 2.5 2 1 3 1 1
2740.6 -2314.9 -16.8 102 0 8.1 6.9 7.5 0.0 0 0 3 5 5
2731.8 -2313.1 -16.8 108 0 5.0 6.7 5.0 2.5 2 1 2 2 2
2711.7 -2287.5 -17.0 115 0 5.1 7.4 7.5 2.5 4 1 3 3 3
2735.0 -2298.6 -17.0 107 0 6.9 5.0 5.0 2.5 2 0 2 5 5
2687.9 -2290.4 -16.7 115 0 6.4 5.5 7.5 2.5 2 0 3 1 1
2696.5 -2256.5 -17.4 117 0 4.7 12.1 7.5 2.5 2 1 3 1 1
2718.9 -2264.6 -17.4 110 0 7.6 6.0 7.5 2.5 2 0 3 4 4
2651.7 -2249.8 -16.9 209 0 5.5 8.4 5.0 0.0 0 1 2 1 1
2675.4 -2317.6 -16.0 292 0 5.8 5.5 2.5 2.5 2 0 1 0 0
2706.9 -2263.1 -17.4 116 0 12.2 11.5 5.0 2.5 4 0 2 0 0
2710.7 -2248.4 -17.6 110 0 4.6 7.1 5.0 2.5 2 1 2 5 5
2734.1 -2287.8 -17.2 116 0 5.0 7.1 5.0 0.0 0 1 2 2 2
2753.7 -2287.4 -17.3 20 0 5.7 6.6 5.0 2.5 4 1 2 2 2
2765.6 -2277.0 -17.6 12 0 6.9 5.7 5.0 2.5 4 0 2 3 3
2779.3 -2270.3 -17.7 11 0 5.6 13.9 5.0 2.5 2 1 2 3 3
2767.6 -2289.8 -17.5 14 0 8.9 7.0 5.0 0.0 0 0 2 4 4
2763.2 -2263.7 -17.7 18 0 10.0 8.1 7.5 0.0 0 0 3 2 2
2749.2 -2272.4 -17.6 16 0 8.6 4.6 2.5 2.5 2 0 1 4 4
2773.4 -2304.4 -17.3 206 0 5.7 7.0 2.5 2.5 2 1 1 3 3
2784.5 -2307.5 -17.4 204 0 8.2 7.3 2.5 2.5 2 0 1 1 1
2783.9 -2280.5 -17.7 194 0 6.8 10.7 5.0 2.5 2 1 2 5 5
2787.4 -2270.8 -17.8 104 0 7.7 7.2 7.5 2.5 2 0 3 4 4
2786.1 -2252.4 -17.9 191 0 6.2 5.0 5.0 2.5 2 0 2 1 1
2775.0 -2251.8 -17.8 16 0 6.1 5.0 7.5 2.5 2 0 3 4 4
2791.9 -2244.3 -18.0 194 0 4.4 7.1 5.0 2.5 2 1 2 4 4
2789.0 -2234.0 -18.1 189 0 9.7 6.1 5.0 0.0 0 0 2 3 3
2754.1 -2248.0 -17.8 20 0 4.8 6.6 7.5 2.5 2 1 3 5 5
2782.2 -2224.3 -18.1 97 0 8.8 6.5 7.5 2.5 2 0 3 5 5
2750.1 -2213.8 -18.0 299 0 7.4 10.6 7.5 2.5 4 1 3 5 5
2757.0 -2196.1 -18.2 36 0 7.3 7.2 2.5 2.5 2 0 1 4 4
2803.5 -2274.0 -17.8 199 0 6.5 9.6 7.5 2.5 4 1 3 3 3
2792.6 -2222.2 -18.2 198 0 4.3 8.3 7.5 2.5 2 0 3 4 4
2795.3 -2210.9 -18.3 201 0 6.2 7.7 5.0 2.5 2 1 2 5 5
2798.2 -2201.3 -18.4 201 0 9.2 10.9 7.5 2.5 2 1 3 5 5
2810.4 -2182.0 -18.6 205 0 9.3 11.0 5.0 2.5 2 1 2 4 4
2784.7 -2179.2 -18.5 17 0 10.5 6.7 7.5 2.5 4 0 3 2 2
2762.9 -2184.8 -18.4 15 0 11.8 4.5 7.5 2.5 2 0 3 2 2
2798.2 -2163.6 -18.7 23 0 6.0 7.7 7.5 2.5 2 1 3 3 3
2777.5 -2162.8 -18.6 17 0 6.9 6.3 5.0 2.5 4 0 2 4 4
2765.8 -2122.2 -18.9 289 0 3.7 9.1 7.5 2.5 2 1 3 1 1
2728.8 -2158.9 -18.4 202 0 10.5 13.0 7.5 2.5 2 1 3 0 0
2730.2 -2173.1 -18.3 196 0 7.1 6.5 5.0 2.5 2 0 2 3 3
2718.9 -2179.8 -18.2 198 0 5.3 8.9 5.0 2.5 2 1 2 2 2
2716.9 -2186.0 -18.1 200 0 4.7 8.8 7.5 0.0 0 1 3 2 2
2743.1 -2189.7 -18.2 22 0 7.4 6.8 2.5 2.5 2 0 1 3 3
2706.9 -2226.6 -17.7 200 0 8.6 5.2 2.5 2.5 2 0 1 2 2
2725.2 -2220.8 -17.9 30 0 5.0 7.8 5.0 2.5 2 1 2 1 1
2718.3 -2155.9 -18.4 202 0 4.4 7.0 7.5 2.5 2 1 3 2 2
2727.9 -2210.8 -17.9 301 0 5.5 6.0 7.5 2.5 2 1 3 0 0
2694.8 -2237.0 -17.6 203 0 4.9 6.4 7.5 2.5 2 1 3 0 0
2686.8 -2229.3 -17.6 204 0 5.7 8.7 5.0 2.5 2 1 2 4 4
2691.3 -2207.8 -17.8 197 0 5.6 9.0 7.5 2.5 2 1 3 1 1
2703.6 -2181.7 -18.1 195 0 5.6 10.1 5.0 2.5 2 1 2 2 2
2925.1 -2209.0 -18.9 11 0 5.9 6.3 5.0 2.5 2 1 2 2 2
2926.1 -2225.2 -18.9 102 0 7.8 10.0 7.5 2.5 2 1 3 3 3
2910.4 -2217.2 -18.9 113 0 9.8 9.9 7.5 2.5 2 1 3 4 4
2954.3 -2139.0 -19.7 199 0 9.3 9.9 2.5 2.5 2 1 1 0 0
3033.7 -2075.7 -20.6 29 0 9.7 17.3 7.5 2.5 2 1 3 5 5
2987.4 -2038.6 -20.6 295 0 5.3 6.1 2.5 2.5 2 1 1 3 3
2620.4 -2329.6 -15.4 201 0 16.5 10.1 5.0 2.5 2 0 2 3 3
2652.4 -2319.8 -15.7 17 0 7.0 13.3 5.0 2.5 2 1 2 2 2
2605.8 -2244.1 -16.7 115 0 6.1 10.7 2.5 2.5 4 1 1 0 0
2640.0 -2266.1 -16.7 110 0 9.8 10.9 5.0 2.5 2 1 2 3 3
2719.6 -2388.6 -15.4 110 0 7.4 7.6 7.5 2.5 2 1 3 2 2
2639.8 -2288.4 -16.3 111 0 8.7 13.6 7.5 2.5 2 1 3 4 4
2679.1 -2347.4 -15.5 286 0 11.3 5.2 7.5 2.5 2 0 3 1 1
2869.4 -2094.4 -19.6 204 0 6.5 7.0 7.5 2.5 2 1 3 0 0
2893.3 -2028.4 -20.4 180 0 12.5 7.5 7.5 2.5 2 0 3 4 4
2920.8 -2021.0 -20.5 40 0 9.6 4.9 7.5 2.5 2 0 3 2 2
2979.9 -2053.2 -20.5 121 0 8.5 5.4 5.0 2.5 2 0 2 1 1
