788.0 -2358.6 0.4 101 0 10.9 9.8 7.5 2.5 2 0 3 3 3
917.4 -2394.4 0.1 10 0 9.5 14.7 7.5 2.5 2 1 3 0 0
920.6 -2373.0 0.0 9 0 7.8 15.0 5.0 2.5 2 1 2 5 5
1040.9 -2321.4 -0.7 114 0 7.0 22.3 2.5 0.0 0 1 1 5 5
1159.7 -2572.1 0.2 196 0 7.8 14.1 7.5 2.5 2 1 3 2 2
1195.2 -2487.3 -0.3 207 0 8.2 13.0 7.5 2.5 2 1 3 4 4
1193.8 -2505.8 -0.3 114 0 15.6 6.7 2.5 2.5 2 0 1 1 1
1193.0 -2175.0 -1.8 212 0 23.9 24.6 10.0 2.5 2 1 4 4 4
930.9 -2162.9 1.7 273 0 47.6 12.9 10.0 2.5 2 0 4 0 0
951.9 -1793.0 -0.0 197 0 12.2 24.5 10.0 2.5 2 1 4 5 5
996.6 -1800.6 0.0 286 0 24.1 11.8 10.0 2.5 2 0 4 2 2
1041.3 -1738.9 -2.5 103 0 28.2 10.6 10.0 2.5 2 0 4 5 5
998.1 -1709.8 -1.6 197 0 8.8 26.1 7.5 2.5 4 1 3 4 4
768.4 -2065.8 1.8 185 0 18.2 13.5 14.0 3.5 2 0 4 4 4
867.4 -2081.3 1.0 185 0 32.2 13.0 12.5 0.0 0 0 5 1 1
1395.0 -2454.4 -1.6 113 0 16.6 23.7 7.5 2.5 2 1 3 1 1
1371.5 -2398.0 -1.8 297 0 16.0 14.5 5.0 2.5 2 0 2 2 2
1334.7 -2394.6 -1.8 199 0 10.0 17.4 5.0 2.5 2 1 2 1 1
1255.1 -2173.8 -2.1 22 0 12.3 11.8 10.0 2.5 2 0 4 4 4
