2828.3 102.6 -6.4 178 0 13.4 24.2 7.5 0.0 0 1 3 3 3
2834.6 -170.8 -9.2 252 0 7.0 6.5 10.5 3.5 2 0 3 1 1
2959.7 46.3 -6.5 86 0 7.2 16.3 10.5 3.5 2 1 3 3 3
3427.7 182.2 -2.1 180 0 11.9 15.8 14.0 3.5 2 1 4 2 2
2861.3 -177.4 -8.9 350 0 18.1 5.5 10.5 3.5 2 0 3 2 2
3057.1 267.6 -3.5 268 0 9.8 33.3 10.5 3.5 2 1 3 2 2
2853.7 -903.5 -9.5 80 0 7.1 7.2 7.5 2.5 2 1 3 2 2
2961.5 267.4 -3.1 271 0 25.7 23.5 14.0 0.0 0 0 4 4 4
3470.0 220.1 -1.4 272 0 7.2 15.4 10.5 3.5 4 1 3 4 4
2819.1 -80.0 -9.0 169 0 7.7 10.0 10.5 3.5 2 1 3 1 1
2823.9 -154.4 -9.3 257 0 4.5 9.9 10.5 3.5 2 1 3 4 4
2927.2 232.7 -3.4 90 0 4.2 11.3 10.5 3.5 2 1 3 3 3
3420.8 233.8 -1.8 357 0 7.5 13.2 10.5 3.5 4 1 3 2 2
3405.2 242.0 -1.8 356 0 10.8 7.5 10.5 3.5 2 0 3 5 5
3442.1 221.0 -1.7 266 0 7.7 10.0 10.5 3.5 2 1 3 0 0
2827.2 119.8 -6.1 178 0 17.4 6.2 5.0 2.5 2 0 2 0 0
3014.4 135.2 -5.6 356 0 11.7 17.2 14.0 3.5 2 1 4 0 0
2827.5 -59.5 -8.8 168 0 5.3 5.8 10.5 3.5 2 1 3 5 5
2998.4 15.5 -6.2 356 0 15.1 9.1 10.5 3.5 4 0 3 3 3
2828.3 -25.4 -8.6 174 0 5.6 7.9 10.5 3.5 2 1 3 0 0
2837.0 -117.7 -8.9 171 0 7.6 25.9 10.5 0.0 0 1 3 0 0
3091.6 196.4 -4.1 87 0 14.4 8.1 10.5 3.5 4 0 3 1 1
2836.2 80.4 -6.9 173 0 11.5 4.0 5.0 2.5 2 0 2 3 3
2836.3 -138.6 -9.0 168 0 5.9 6.2 10.5 3.5 2 1 3 3 3
3000.6 264.3 -3.1 265 0 16.4 19.3 14.0 3.5 4 1 4 0 0
2942.9 266.6 -3.0 269 0 7.4 18.2 10.5 3.5 2 1 3 3 3
3478.7 218.8 -1.2 271 0 6.2 12.2 10.5 0.0 0 1 3 1 1
2828.8 -108.7 -9.0 76 0 6.7 9.1 10.5 3.5 2 1 3 5 5
3424.0 256.9 -1.6 359 0 17.5 9.7 10.5 3.5 2 0 3 1 1
2827.5 150.2 -5.4 263 0 11.9 7.8 7.5 2.5 2 0 3 5 5
2811.4 52.7 -7.5 175 0 5.8 9.9 5.0 2.5 2 1 2 2 2
2872.5 134.2 -5.7 353 0 7.3 13.8 7.5 2.5 2 1 3 1 1
3014.7 117.9 -5.6 359 0 8.3 14.7 10.5 3.5 2 1 3 2 2
3008.3 105.6 -5.7 270 0 13.3 12.2 14.0 3.5 2 0 4 0 0
2849.8 -218.5 -9.2 90 0 6.6 5.4 10.5 3.5 2 0 3 5 5
3077.4 98.6 -4.7 84 0 13.4 22.6 14.0 0.0 0 1 4 2 2
2887.2 268.9 -3.1 268 0 10.9 24.6 14.0 3.5 2 1 4 2 2
3018.6 -57.2 -6.7 88 0 8.6 13.4 10.5 3.5 2 1 3 0 0
2829.4 266.7 -3.6 267 0 22.6 46.9 14.0 0.0 0 1 4 2 2
2847.8 -141.6 -8.8 165 0 4.0 7.5 10.5 3.5 2 1 3 5 5
3021.0 -29.4 -6.4 357 0 13.9 9.5 10.5 3.5 2 0 3 5 5
2942.3 167.0 -5.0 267 0 7.5 10.2 10.5 3.5 4 1 3 1 1
2827.4 -113.1 -9.0 170 0 4.7 12.9 10.5 3.5 2 1 3 0 0
3626.7 411.4 -0.0 356 0 11.0 22.2 14.0 3.5 2 1 4 3 3
3373.3 339.4 -1.7 87 0 16.2 9.4 10.5 3.5 2 0 3 5 5
3023.1 448.1 -3.4 354 0 6.4 12.1 5.0 2.5 2 1 2 2 2
3112.0 283.3 -2.5 180 0 12.0 7.7 10.5 3.5 2 0 3 5 5
3363.2 474.0 -2.5 178 0 6.3 5.2 10.5 3.5 2 0 3 5 5
3576.5 858.1 1.8 350 0 17.3 8.5 10.5 3.5 2 0 3 1 1
3485.7 952.6 -0.0 273 0 5.4 10.5 10.5 3.5 2 1 3 3 3
3000.3 367.9 -2.0 180 0 7.2 4.9 7.5 2.5 4 0 3 5 5
2865.4 756.7 -11.8 102 0 4.4 18.4 2.5 2.5 4 1 1 0 0
3486.4 416.6 -1.1 90 0 6.7 9.8 10.5 3.5 2 1 3 5 5
3113.8 368.7 -2.2 87 0 4.5 9.9 10.5 3.5 2 1 3 0 0
3602.4 255.6 -0.3 271 0 9.2 16.3 10.5 3.5 2 1 3 0 0
3031.6 657.5 -8.2 177 0 8.3 4.7 10.5 3.5 2 0 3 1 1
3571.8 530.2 -0.3 182 0 7.3 11.1 10.5 3.5 2 0 3 3 3
2847.3 864.6 -11.9 272 0 5.7 7.0 7.5 2.5 2 1 3 0 0
3604.5 668.1 0.2 82 0 6.9 29.6 10.5 3.5 2 1 3 1 1
3135.3 418.5 -3.1 268 0 8.0 8.6 10.5 3.5 2 1 3 4 4
3477.1 470.3 -0.8 257 0 3.8 12.1 10.5 3.5 2 1 3 1 1
3142.2 367.3 -2.2 258 0 4.7 29.5 10.5 3.5 4 1 3 4 4
3506.3 560.9 -0.7 180 0 5.0 11.6 10.5 0.0 0 1 3 5 5
2981.3 411.8 -2.8 270 0 6.2 17.8 7.5 2.5 2 1 3 3 3
3437.4 374.2 -1.4 273 0 9.5 13.3 10.5 3.5 2 1 3 0 0
3045.8 505.0 -4.3 268 0 6.6 8.5 10.5 3.5 2 0 3 0 0
3385.8 944.7 -3.3 270 0 9.1 6.3 10.5 3.5 4 0 3 5 5
2947.0 376.6 -2.4 182 0 11.2 8.3 5.0 2.5 2 0 2 2 2
3493.3 472.6 -0.7 353 0 8.1 5.9 10.5 3.5 2 0 3 0 0
3003.1 529.1 -5.1 359 0 7.3 10.7 7.5 2.5 2 1 3 3 3
3232.1 484.5 -4.5 270 0 7.0 15.2 10.5 3.5 2 1 3 5 5
3201.2 373.2 -2.5 180 0 6.6 7.6 10.5 3.5 2 1 3 1 1
3022.0 416.9 -2.9 89 0 7.8 8.1 7.5 2.5 2 1 3 3 3
3046.0 632.0 -6.8 165 0 8.6 15.1 10.5 3.5 2 1 3 0 0
2963.2 368.5 -2.1 174 0 4.1 8.3 5.0 2.5 2 1 2 1 1
3636.0 193.6 -0.0 14 0 11.5 6.0 10.5 3.5 2 0 3 3 3
3007.9 550.8 -5.6 0 0 7.4 9.0 5.0 0.0 0 1 2 0 0
3285.5 526.0 -4.4 261 0 4.9 11.1 10.5 3.5 2 1 3 5 5
3055.6 441.6 -3.2 268 0 7.6 9.7 10.5 0.0 0 1 3 0 0
2952.6 459.2 -4.1 178 0 6.6 9.0 7.5 2.5 2 1 3 0 0
3122.7 581.3 -5.7 270 0 12.5 7.4 10.5 3.5 2 0 3 2 2
3342.6 469.1 -3.0 356 0 7.3 8.5 10.5 3.5 4 1 3 2 2
3531.5 953.2 1.3 271 0 5.2 16.5 10.5 3.5 2 1 3 2 2
3413.9 924.8 -2.0 271 0 7.9 13.3 10.5 3.5 2 0 3 1 1
3544.6 592.3 -0.6 91 0 12.7 12.3 14.0 3.5 2 0 4 3 3
3025.1 636.8 -7.9 0 0 11.3 6.2 10.5 3.5 2 0 3 1 1
3043.8 399.4 -2.5 179 0 7.1 4.4 10.5 3.5 2 0 3 5 5
3342.4 485.6 -3.1 0 0 8.0 5.0 10.5 3.5 2 0 3 5 5
3061.6 604.5 -6.1 180 0 5.9 15.7 10.5 3.5 2 1 3 1 1
2952.0 491.9 -5.2 178 0 3.7 16.9 7.5 2.5 2 1 3 0 0
2887.5 789.6 -11.7 3 0 9.8 11.7 5.0 0.0 0 1 2 4 4
3540.4 444.1 -0.9 270 0 5.7 12.3 10.5 3.5 2 1 3 4 4
3360.0 299.1 -1.9 264 0 10.2 28.7 14.0 3.5 2 1 4 0 0
3574.0 572.9 0.1 182 0 6.2 12.0 10.5 3.5 2 0 3 4 4
3392.9 400.7 -1.5 91 0 14.6 5.7 10.5 3.5 2 0 3 5 5
3448.3 228.2 -1.4 88 0 8.2 12.7 10.5 3.5 2 1 3 1 1
2904.3 760.4 -11.5 7 0 12.1 5.0 7.5 2.5 2 0 3 3 3
3062.8 599.2 -5.9 269 0 3.7 14.3 10.5 3.5 2 1 3 2 2
3210.0 318.3 -1.8 87 0 6.5 13.8 10.5 3.5 2 1 3 5 5
2994.3 585.4 -7.2 91 0 4.3 7.4 10.5 3.5 2 1 3 1 1
2956.2 416.9 -3.1 268 0 7.4 8.3 5.0 0.0 0 1 2 5 5
3568.2 564.7 -0.0 1 0 3.7 8.6 10.5 3.5 2 1 3 5 5
2861.7 830.5 -11.8 5 0 3.9 12.5 5.0 2.5 2 1 2 1 1
3495.6 807.0 -0.6 180 0 10.5 6.0 10.5 3.5 2 0 3 3 3
3222.1 454.0 -4.1 179 0 10.3 6.7 10.5 3.5 4 0 3 4 4
3336.6 931.9 -4.7 265 0 6.5 11.1 10.5 3.5 2 1 3 5 5
3632.2 415.7 0.4 87 0 4.9 9.7 10.5 3.5 2 1 3 3 3
3387.8 298.3 -1.9 265 0 12.0 32.4 14.0 3.5 2 1 4 1 1
3057.3 584.7 -5.7 267 0 5.5 16.6 10.5 3.5 2 1 3 0 0
3154.8 374.5 -2.5 181 0 10.1 16.5 14.0 3.5 2 1 4 0 0
3345.8 358.1 -1.9 270 0 14.2 6.3 10.5 0.0 0 0 3 1 1
3015.3 461.1 -3.6 262 0 15.2 7.7 7.5 2.5 2 0 3 0 0
3134.7 316.0 -2.4 277 0 12.3 34.6 14.0 3.5 2 1 4 4 4
3246.6 333.5 -2.1 90 0 5.2 7.6 10.5 3.5 2 0 3 5 5
3561.8 864.6 1.0 359 0 12.5 28.1 14.0 3.5 2 1 4 3 3
3328.7 854.0 -4.3 183 0 4.5 16.4 10.5 3.5 2 1 3 2 2
3456.4 931.8 -1.0 269 0 17.7 7.2 10.5 3.5 2 0 3 3 3
2991.6 396.5 -2.5 182 0 6.7 6.1 5.0 2.5 2 0 2 2 2
2880.1 766.3 -11.7 11 0 9.2 4.7 7.5 2.5 2 0 3 1 1
3540.9 583.6 -0.4 271 0 4.9 11.8 10.5 3.5 4 1 3 1 1
3621.4 294.3 0.2 268 0 10.0 31.4 14.0 3.5 2 1 4 2 2
3523.4 452.0 -0.8 88 0 4.8 9.2 10.5 3.5 2 1 3 5 5
3071.9 323.9 -1.4 90 0 4.9 17.1 10.5 3.5 2 1 3 0 0
3409.5 334.8 -1.6 92 0 8.5 4.2 10.5 3.5 2 0 3 1 1
3459.6 583.6 -1.8 273 0 7.7 5.0 10.5 3.5 2 0 3 4 4
3025.6 401.9 -2.6 359 0 7.6 21.9 5.0 2.5 2 1 2 4 4
3503.8 539.2 -0.6 179 0 8.3 9.3 10.5 3.5 2 1 3 4 4
3504.5 492.4 -0.5 177 0 6.7 7.3 10.5 3.5 2 1 3 5 5
3032.8 583.0 -5.8 265 0 6.8 14.3 10.5 3.5 2 1 3 4 4
3576.9 752.8 0.6 355 0 27.9 7.4 10.5 3.5 2 0 3 2 2
3026.4 385.2 -2.3 2 0 6.0 5.3 7.5 0.0 0 0 3 5 5
3459.2 320.6 -1.6 88 0 7.5 13.3 10.5 3.5 2 1 3 0 0
3019.8 489.0 -4.2 0 0 15.3 11.7 5.0 2.5 2 0 2 5 5
3240.6 486.3 -4.6 269 0 4.7 15.9 10.5 3.5 2 1 3 2 2
3627.2 194.7 -0.0 12 0 11.5 5.9 10.5 3.5 2 0 3 1 1
3476.8 253.4 -1.5 358 0 12.2 6.2 10.5 3.5 4 0 3 4 4
3215.7 466.8 -4.5 90 0 10.2 19.1 14.0 3.5 2 1 4 4 4
3134.4 425.8 -3.5 90 0 4.6 18.4 10.5 0.0 0 1 3 4 4
3057.7 601.8 -6.2 89 0 5.9 12.4 10.5 3.5 4 1 3 1 1
2970.0 542.8 -6.5 270 0 9.4 9.0 2.5 2.5 2 0 1 5 5
3616.4 183.2 -0.3 12 0 13.5 8.7 10.5 0.0 0 0 3 3 3
3561.2 607.7 -0.4 88 0 14.5 13.3 14.0 3.5 2 0 4 2 2
3026.7 622.0 -7.4 358 0 13.3 6.3 10.5 3.5 2 0 3 5 5
3377.5 820.7 -3.8 2 0 5.6 14.2 10.5 3.5 2 0 3 0 0
3448.9 591.9 -2.2 89 0 5.7 14.0 10.5 3.5 2 1 3 1 1
3360.2 897.5 -3.5 271 0 8.4 9.6 10.5 3.5 2 1 3 3 3
2885.4 778.9 -11.7 3 0 5.6 12.2 7.5 2.5 2 1 3 3 3
3210.3 616.6 -6.5 270 0 4.9 7.4 10.5 3.5 2 1 3 0 0
3296.5 313.9 -2.2 90 0 16.0 13.6 14.0 3.5 2 0 4 1 1
3545.1 555.5 -0.1 359 0 8.9 6.4 10.5 3.5 2 0 3 3 3
3259.3 510.4 -4.7 287 0 8.7 6.8 10.5 3.5 4 0 3 5 5
2950.9 430.7 -3.4 179 0 3.5 20.4 5.0 2.5 2 1 2 4 4
3370.8 910.0 -3.2 272 0 5.2 8.8 10.5 3.5 2 1 3 0 0
3294.6 351.8 -2.7 90 0 12.2 7.8 10.5 3.5 2 0 3 4 4
3472.0 583.2 -1.6 263 0 8.3 5.2 10.5 3.5 2 0 3 0 0
3611.5 328.5 -0.0 88 0 9.1 39.8 10.5 3.5 4 1 3 2 2
3359.7 330.1 -1.8 90 0 11.3 4.6 10.5 0.0 0 0 3 2 2
3215.0 588.6 -6.2 2 0 9.2 8.8 10.5 3.5 2 0 3 1 1
3027.6 542.5 -5.1 176 0 5.0 10.1 10.5 3.5 2 1 3 3 3
3219.3 347.2 -2.2 89 0 8.3 4.4 10.5 3.5 2 0 3 4 4
3231.4 456.0 -4.2 179 0 14.7 6.6 10.5 0.0 0 0 3 3 3
3501.1 722.8 -1.9 86 0 30.2 7.0 10.5 3.5 2 0 3 2 2
3046.1 496.2 -4.2 273 0 6.6 11.9 10.5 3.5 2 0 3 4 4
3085.5 550.0 -5.1 183 0 8.3 9.4 10.5 3.5 2 1 3 5 5
3027.9 608.1 -7.2 1 0 8.0 16.2 10.5 3.5 2 1 3 1 1
3327.8 310.0 -2.0 90 0 5.5 12.8 10.5 3.5 2 1 3 3 3
2962.9 467.5 -4.5 89 0 22.5 4.6 5.0 2.5 2 0 2 0 0
2884.0 829.5 -11.6 10 0 8.9 4.1 7.5 2.5 2 0 3 0 0
3179.5 495.8 -4.7 89 0 6.9 16.3 10.5 3.5 2 1 3 4 4
3264.8 353.9 -2.6 92 0 7.8 5.0 10.5 3.5 2 0 3 0 0
3519.7 786.9 -0.3 86 0 11.5 27.4 14.0 3.5 4 1 4 0 0
3430.6 929.3 -1.6 271 0 8.1 13.8 10.5 3.5 2 1 3 2 2
2991.9 351.3 -1.7 178 0 4.4 17.1 7.5 2.5 2 1 3 1 1
2888.8 762.3 -11.6 13 0 9.8 3.3 5.0 2.5 2 0 2 0 0
3072.0 556.7 -5.3 90 0 9.8 8.3 10.5 3.5 4 0 3 0 0
3101.7 386.3 -2.4 175 0 14.6 7.4 10.5 3.5 2 0 3 3 3
3529.3 575.3 -0.5 272 0 7.3 6.2 10.5 3.5 2 0 3 4 4
3549.2 584.9 -0.2 270 0 7.0 12.0 10.5 3.5 2 1 3 2 2
3610.2 314.7 0.0 268 0 7.8 45.0 10.5 3.5 2 1 3 5 5
3398.7 318.2 -1.7 86 0 6.7 15.1 10.5 3.5 2 1 3 5 5
3322.0 326.6 -2.0 89 0 4.3 14.0 10.5 3.5 2 1 3 4 4
3470.5 289.9 -1.7 272 0 5.9 18.4 10.5 3.5 4 1 3 3 3
3459.0 572.3 -1.7 274 0 4.9 10.3 10.5 3.5 2 1 3 3 3
3483.0 923.2 -0.2 268 0 19.7 11.9 14.0 0.0 0 0 4 5 5
3514.7 838.2 0.1 178 0 25.8 8.5 10.5 3.5 2 0 3 3 3
3138.5 334.7 -1.8 77 0 6.2 9.4 10.5 3.5 2 1 3 0 0
3331.1 885.4 -4.2 183 0 11.7 16.9 14.0 3.5 2 1 4 5 5
3007.1 324.8 -1.4 91 0 5.6 13.6 2.5 2.5 2 1 1 4 4
3432.3 543.5 -1.9 182 0 6.6 7.5 10.5 3.5 2 1 3 4 4
3015.0 558.2 -5.5 169 0 4.6 9.4 10.5 3.5 2 1 3 4 4
3587.0 781.2 0.7 355 0 13.0 27.5 14.0 3.5 2 1 4 1 1
3358.9 364.9 -1.6 270 0 7.2 6.9 10.5 3.5 2 0 3 2 2
3505.4 415.5 -1.1 177 0 10.0 9.0 10.5 0.0 0 0 3 0 0
3130.6 371.0 -2.2 359 0 5.6 6.0 10.5 0.0 0 1 3 2 2
3443.7 359.2 -1.5 270 0 35.6 10.8 14.0 3.5 2 0 4 0 0
3032.5 594.8 -6.2 177 0 10.9 3.3 10.5 3.5 2 0 3 4 4
3675.5 263.6 1.1 355 0 10.4 19.8 14.0 3.5 2 1 4 1 1
3016.4 478.3 -3.9 355 0 3.9 8.1 5.0 2.5 2 1 2 1 1
3014.0 578.5 -6.0 271 0 6.2 14.0 10.5 3.5 2 1 3 4 4
3124.5 407.7 -2.8 264 0 6.9 8.5 10.5 3.5 2 1 3 2 2
3354.8 350.1 -1.7 271 0 14.7 7.3 10.5 0.0 0 0 3 3 3
3449.4 321.1 -1.6 88 0 9.6 26.5 10.5 3.5 2 1 3 4 4
2990.9 415.6 -3.0 90 0 4.4 11.8 7.5 2.5 2 1 3 5 5
3127.6 424.5 -3.4 91 0 4.4 16.8 10.5 3.5 2 1 3 5 5
3008.1 469.6 -3.8 92 0 9.5 4.6 5.0 2.5 2 0 2 5 5
3352.3 477.5 -2.7 268 0 5.3 17.3 10.5 3.5 2 1 3 5 5
3383.1 906.8 -2.9 272 0 7.1 7.0 10.5 3.5 2 0 3 0 0
3214.9 389.5 -2.9 180 0 8.3 5.5 10.5 3.5 4 0 3 2 2
3017.3 622.0 -7.8 0 0 12.8 6.2 10.5 0.0 0 0 3 5 5
3215.4 537.3 -5.3 270 0 3.9 7.8 10.5 3.5 2 1 3 3 3
3260.7 335.8 -2.3 89 0 18.8 10.1 14.0 3.5 2 0 4 5 5
2917.9 717.8 -11.5 186 0 9.8 15.9 10.5 3.5 2 1 3 1 1
3222.3 417.9 -3.5 179 0 16.8 5.8 10.5 3.5 2 0 3 0 0
3003.9 418.5 -3.0 91 0 6.5 9.9 7.5 0.0 0 1 3 1 1
3571.6 522.4 -0.3 182 0 8.3 10.7 10.5 3.5 2 0 3 0 0
3024.2 674.2 -9.2 0 0 10.6 3.9 10.5 3.5 2 0 3 3 3
3300.1 328.6 -2.3 91 0 5.1 6.7 10.5 3.5 4 1 3 0 0
2970.4 570.5 -7.3 183 0 5.5 15.4 2.5 2.5 2 1 1 3 3
3425.3 549.7 -2.2 4 0 10.3 5.7 10.5 3.5 4 0 3 4 4
3474.0 231.5 -1.5 90 0 6.2 13.3 10.5 3.5 2 1 3 4 4
2971.5 578.5 -7.6 182 0 7.0 31.2 7.5 2.5 2 1 3 0 0
3190.5 352.7 -2.2 177 0 4.1 22.4 10.5 3.5 2 1 3 2 2
3424.3 317.1 -1.7 87 0 14.8 22.8 14.0 3.5 2 1 4 5 5
2954.0 439.6 -3.6 178 0 7.2 13.4 7.5 2.5 2 1 3 5 5
3364.0 908.1 -3.4 272 0 3.4 9.0 10.5 3.5 4 1 3 5 5
2921.1 700.6 -11.5 184 0 5.7 16.9 10.5 3.5 2 1 3 5 5
3032.5 452.7 -3.6 89 0 4.6 12.1 10.5 3.5 2 1 3 1 1
3309.5 337.8 -2.3 90 0 4.2 9.5 10.5 3.5 4 1 3 0 0
3624.4 566.8 -0.1 266 0 7.9 7.8 10.5 3.5 2 0 3 0 0
3485.4 377.1 -1.3 178 0 7.8 10.5 10.5 3.5 2 1 3 5 5
3635.1 151.0 -0.7 5 0 10.4 8.9 10.5 3.5 2 0 3 1 1
3018.4 671.7 -9.3 359 0 9.2 3.6 10.5 3.5 2 0 3 5 5
3593.9 326.8 -0.2 92 0 7.1 38.7 10.5 3.5 2 1 3 0 0
3076.9 406.3 -2.6 358 0 8.9 5.2 10.5 3.5 2 0 3 1 1
3346.8 955.1 -4.7 269 0 10.0 4.4 10.5 3.5 2 0 3 3 3
3301.9 511.9 -4.0 266 0 7.5 14.0 10.5 3.5 2 1 3 2 2
2990.8 668.5 -10.1 269 0 8.1 6.2 10.5 3.5 2 0 3 4 4
2953.5 476.7 -4.7 180 0 6.5 9.3 7.5 2.5 2 1 3 4 4
2878.3 808.0 -11.7 3 0 5.5 6.7 7.5 2.5 2 1 3 5 5
3555.6 424.3 -0.6 178 0 9.0 6.3 10.5 3.5 2 0 3 2 2
3498.6 465.2 -0.7 353 0 7.8 4.4 10.5 3.5 2 0 3 1 1
3277.0 312.4 -2.0 92 0 6.4 11.8 10.5 3.5 4 1 3 2 2
3400.2 479.4 -1.9 264 0 7.2 9.8 10.5 3.5 2 1 3 1 1
3472.6 550.7 -1.3 7 0 6.3 5.0 10.5 3.5 2 0 3 5 5
3432.2 956.4 -1.8 272 0 5.7 9.8 10.5 3.5 4 1 3 2 2
3084.0 565.8 -5.5 89 0 5.5 6.4 10.5 3.5 2 1 3 5 5
3090.9 359.3 -1.8 172 0 4.7 11.9 10.5 3.5 2 1 3 0 0
2844.2 848.0 -11.9 264 0 6.1 7.0 2.5 2.5 2 1 1 0 0
3317.5 313.5 -2.0 90 0 4.2 15.3 10.5 3.5 2 1 3 2 2
3535.3 452.0 -0.8 88 0 5.7 15.6 10.5 3.5 2 1 3 3 3
3603.0 524.2 -0.2 180 0 10.0 5.7 10.5 3.5 4 0 3 2 2
3577.8 187.2 -0.8 103 0 6.0 30.5 10.5 3.5 2 1 3 4 4
3219.9 322.4 -1.8 93 0 3.7 10.8 10.5 3.5 2 1 3 0 0
3330.8 897.8 -4.3 180 0 6.5 16.4 10.5 3.5 2 1 3 2 2
3413.4 911.8 -2.0 268 0 7.5 11.5 10.5 3.5 2 0 3 5 5
2974.0 328.8 -1.7 86 0 6.8 21.1 5.0 2.5 4 1 2 4 4
3458.5 309.6 -2.0 270 0 6.7 18.5 10.5 0.0 0 1 3 5 5
3409.2 318.4 -1.7 86 0 5.3 12.0 10.5 0.0 0 1 3 0 0
3440.7 548.1 -1.8 186 0 7.5 6.1 10.5 3.5 2 0 3 3 3
3393.8 484.6 -2.2 86 0 5.4 11.8 10.5 3.5 2 1 3 3 3
3583.0 821.0 1.4 352 0 45.5 10.0 10.5 3.5 2 0 3 4 4
2864.9 874.1 -11.7 282 0 7.7 11.0 5.0 2.5 2 1 2 2 2
3659.7 313.0 0.9 266 0 13.0 9.2 10.5 3.5 2 0 3 0 0
3022.3 579.5 -5.8 270 0 4.7 14.8 10.5 3.5 2 1 3 3 3
3446.4 483.1 -1.1 190 0 9.1 5.1 10.5 3.5 4 0 3 4 4
3508.0 585.3 -1.0 270 0 6.9 5.1 10.5 3.5 2 0 3 1 1
3355.0 336.3 -1.8 91 0 14.8 6.4 10.5 0.0 0 0 3 2 2
3442.3 273.2 -1.7 180 0 8.9 11.3 10.5 3.5 2 1 3 1 1
3438.1 320.0 -1.7 89 0 7.8 20.8 10.5 3.5 2 1 3 2 2
3499.0 510.6 -0.5 180 0 5.3 6.9 10.5 3.5 2 1 3 0 0
3211.4 492.9 -4.7 92 0 5.1 8.9 10.5 3.5 2 1 3 4 4
3121.3 422.0 -3.2 85 0 6.5 12.3 10.5 3.5 2 1 3 5 5
3436.1 482.6 -1.4 97 0 7.2 8.6 10.5 3.5 2 1 3 5 5
3035.2 504.2 -4.3 269 0 9.1 4.1 10.5 3.5 2 0 3 0 0
2946.3 358.4 -2.0 176 0 6.6 15.2 2.5 2.5 2 1 1 1 1
3504.3 213.1 -1.3 186 0 18.1 23.3 14.0 3.5 2 1 4 5 5
3009.8 623.1 -8.1 358 0 11.5 7.3 10.5 3.5 2 0 3 4 4
3235.2 544.6 -5.5 358 0 9.9 6.1 10.5 3.5 2 0 3 0 0
3240.1 333.4 -2.1 89 0 7.6 9.6 10.5 3.5 2 0 3 0 0
3014.8 522.9 -4.9 359 0 10.3 3.0 5.0 2.5 2 0 2 0 0
3198.2 365.4 -2.4 180 0 4.4 9.3 10.5 3.5 4 1 3 1 1
3495.6 300.2 -2.0 356 0 22.9 6.9 10.5 3.5 2 0 3 0 0
3579.7 305.5 -0.4 264 0 10.2 3.2 10.5 3.5 2 0 3 3 3
3006.3 559.8 -5.8 4 0 5.6 5.7 5.0 2.5 2 1 2 2 2
3477.3 352.5 -1.5 358 0 9.0 12.9 10.5 3.5 2 1 3 3 3
3556.6 934.3 2.0 268 0 6.6 6.8 10.5 3.5 2 1 3 1 1
3044.6 406.9 -2.6 176 0 4.8 8.9 10.5 3.5 2 1 3 1 1
2951.6 448.1 -3.8 176 0 7.3 7.0 5.0 2.5 2 0 2 0 0
3367.1 929.3 -3.7 269 0 11.2 11.3 14.0 0.0 0 1 4 4 4
2898.8 687.5 -11.8 1 0 7.1 15.1 5.0 2.5 2 1 2 5 5
3061.0 509.3 -4.4 184 0 7.1 7.3 10.5 3.5 2 1 3 5 5
3533.6 590.6 -0.6 93 0 3.2 11.3 10.5 3.5 2 1 3 5 5
3555.7 344.9 -0.7 180 0 37.5 29.4 14.0 0.0 0 0 4 3 3
3433.0 594.1 -2.4 92 0 5.6 5.8 10.5 3.5 2 1 3 1 1
2991.8 659.2 -9.9 0 0 4.9 7.6 10.5 3.5 2 1 3 2 2
2953.0 485.8 -5.0 176 0 5.6 22.2 5.0 2.5 2 1 2 1 1
3493.0 449.8 -0.8 90 0 8.2 8.3 10.5 3.5 2 1 3 3 3
3499.7 590.4 -1.3 90 0 7.0 9.0 10.5 3.5 4 1 3 5 5
3553.9 531.4 -0.3 0 0 7.3 15.5 10.5 3.5 4 1 3 2 2
3348.9 298.4 -1.9 268 0 6.2 17.5 10.5 3.5 2 1 3 2 2
3479.9 552.6 -1.2 0 0 7.8 4.5 10.5 3.5 2 0 3 0 0
2888.0 745.8 -11.7 11 0 6.2 9.1 5.0 2.5 2 1 2 4 4
3059.8 538.0 -5.0 3 0 9.4 7.1 10.5 3.5 2 0 3 2 2
3306.6 778.3 -5.7 93 0 5.2 8.9 10.5 3.5 2 1 3 0 0
3570.5 570.4 0.0 359 0 5.6 6.0 10.5 3.5 2 1 3 4 4
3375.5 382.8 -1.5 270 0 8.5 8.3 10.5 3.5 2 0 3 5 5
3547.2 448.6 -0.8 89 0 5.5 11.3 10.5 3.5 2 1 3 0 0
3576.4 154.9 -0.7 190 0 7.1 5.0 10.5 3.5 2 0 3 1 1
3228.6 320.1 -1.9 91 0 7.0 12.8 10.5 3.5 2 1 3 1 1
3204.9 441.8 -3.8 174 0 14.2 6.0 10.5 3.5 2 0 3 4 4
2980.7 364.5 -2.0 358 0 4.6 12.1 7.5 2.5 4 1 3 0 0
3159.9 342.6 -2.1 77 0 10.1 14.1 14.0 3.5 2 1 4 3 3
3545.6 308.5 -1.5 270 0 14.9 20.8 14.0 3.5 4 1 4 0 0
3600.1 289.3 -0.2 268 0 8.1 29.9 10.5 3.5 2 1 3 3 3
3342.4 408.3 -2.5 88 0 6.1 17.0 10.5 3.5 4 1 3 2 2
2999.3 594.0 -7.5 88 0 8.3 9.7 10.5 3.5 2 1 3 2 2
3477.6 368.0 -1.4 359 0 9.4 12.5 10.5 3.5 2 1 3 2 2
4073.2 246.4 7.4 184 0 7.5 14.0 10.5 3.5 4 1 3 0 0
2947.2 648.9 -11.1 166 0 10.3 4.3 10.5 0.0 0 0 3 4 4
2955.5 659.9 -11.1 169 0 5.9 5.8 10.5 3.5 2 0 3 3 3
4052.4 209.9 6.1 270 0 4.4 14.1 10.5 3.5 2 1 3 0 0
4010.8 316.6 6.8 182 0 4.3 11.8 10.5 3.5 2 1 3 2 2
3959.9 314.0 5.8 271 0 4.3 9.0 10.5 3.5 2 1 3 1 1
2968.2 611.2 -8.8 167 0 3.5 8.7 10.5 3.5 2 1 3 2 2
3366.4 409.3 -2.0 90 0 4.9 15.6 10.5 3.5 2 1 3 4 4
3960.4 -4.9 -0.4 354 0 14.2 6.9 7.5 2.5 2 0 3 2 2
3002.0 656.1 -9.4 359 0 6.3 5.3 10.5 3.5 2 0 3 5 5
4096.5 182.8 6.2 91 0 6.2 10.8 10.5 3.5 2 1 3 4 4
4075.9 199.1 6.3 270 0 6.9 4.8 10.5 3.5 2 0 3 1 1
4050.3 189.6 5.9 180 0 6.8 5.4 10.5 0.0 0 0 3 3 3
4007.1 437.1 7.3 261 0 7.2 11.1 10.5 3.5 2 1 3 2 2
4124.1 501.2 9.8 181 0 6.7 6.9 5.0 2.5 2 1 2 4 4
3958.8 45.3 1.1 357 0 6.4 5.1 5.0 0.0 0 0 2 3 3
4090.0 182.7 6.1 88 0 4.0 7.6 10.5 3.5 2 1 3 1 1
4064.3 233.9 7.0 0 0 4.3 10.4 5.0 2.5 4 1 2 5 5
3965.8 311.9 5.9 267 0 4.9 6.6 10.5 3.5 2 1 3 4 4
4040.2 239.3 6.8 178 0 4.3 10.9 5.0 2.5 2 1 2 1 1
3267.8 530.9 -4.7 295 0 5.2 9.8 10.5 3.5 2 1 3 1 1
4052.2 295.7 7.2 271 0 10.4 14.9 5.0 0.0 0 1 2 0 0
4068.3 257.7 7.2 1 0 5.1 12.2 2.5 2.5 2 1 1 3 3
4056.5 207.1 6.4 181 0 6.2 8.7 10.5 3.5 4 1 3 0 0
4019.2 446.0 7.6 253 0 7.5 7.3 10.5 3.5 2 0 3 1 1
3952.1 290.1 5.6 171 0 3.8 10.0 10.5 3.5 2 1 3 4 4
4111.6 461.6 9.3 270 0 4.4 10.3 10.5 3.5 2 1 3 2 2
3366.0 480.4 -2.7 87 0 12.1 6.5 10.5 3.5 2 0 3 5 5
3996.1 428.4 7.2 172 0 10.0 7.0 10.5 3.5 2 0 3 5 5
4038.9 452.2 8.0 262 0 5.7 9.8 10.5 3.5 2 1 3 0 0
4026.8 295.8 6.8 266 0 4.2 12.8 7.5 2.5 2 1 3 2 2
3603.2 594.2 0.2 89 0 6.3 11.2 10.5 3.5 2 1 3 0 0
4084.2 183.6 6.1 88 0 5.3 14.4 10.5 3.5 2 1 3 5 5
2959.3 619.4 -9.6 168 0 10.4 6.1 10.5 3.5 2 0 3 3 3
3577.6 593.4 0.1 90 0 5.1 9.9 10.5 3.5 4 1 3 5 5
4124.0 492.6 9.8 179 0 7.0 7.3 5.0 2.5 2 1 2 5 5
3961.7 273.9 5.6 87 0 11.0 6.2 10.5 0.0 0 0 3 2 2
3612.6 594.4 0.2 89 0 7.7 10.1 10.5 3.5 2 1 3 0 0
4079.6 153.2 5.2 86 0 6.2 22.3 10.5 3.5 2 1 3 1 1
3973.9 295.2 5.9 269 0 5.4 6.8 10.5 3.5 2 1 3 4 4
