4711.5 -148.5 6.3 285 0 34.4 45.9 12.5 0.0 0 1 5 3 3
5223.1 -5171.4 13.7 294 0 40.3 37.8 10.0 0.0 0 0 4 0 0
5128.2 -5181.3 14.2 295 0 16.9 46.3 12.5 2.5 2 1 5 5 5
6486.4 -4710.3 6.5 130 0 25.8 31.3 12.5 0.0 0 1 5 5 5
6762.9 -4589.9 7.5 295 0 16.1 11.9 5.0 2.5 2 0 2 2 2
2511.4 343.8 -9.5 18 0 17.2 16.0 10.0 2.5 2 0 4 4 4
2946.3 -112.1 -6.8 89 0 21.6 14.9 7.5 2.5 2 0 3 1 1
2596.9 -4.8 -4.6 305 0 10.4 9.4 2.5 2.5 2 0 1 4 4
2461.3 232.4 -5.6 36 0 13.9 8.6 2.5 2.5 2 0 1 0 0
2703.9 514.8 -17.3 29 0 13.5 13.4 5.0 2.5 2 0 2 5 5
2895.5 -266.2 -3.8 110 0 13.7 20.3 7.5 0.0 0 1 3 2 2
2447.3 511.3 -12.9 202 0 10.1 23.3 5.0 2.5 2 1 2 5 5
2001.9 181.1 -10.9 359 0 12.2 25.9 7.5 2.5 2 1 3 4 4
1631.9 128.9 -18.6 203 0 11.8 16.7 5.0 2.5 2 1 2 4 4
