4125.3 -691.6 23.7 312 0 42.5 18.6 7.5 2.5 2 0 3 3 3
-1814.5 3212.6 -49.5 77 0 6.9 13.4 7.5 2.5 2 1 3 4 4
-1888.4 3651.2 -39.7 284 0 7.0 7.3 5.0 0.0 0 1 2 1 1
-1731.8 3669.6 -39.4 178 0 8.7 6.7 5.0 2.5 2 0 2 4 4
-1718.2 3661.0 -39.7 281 0 10.0 9.7 5.0 2.5 2 0 2 3 3
-1717.1 3644.2 -39.9 8 0 5.4 8.5 2.5 2.5 2 0 1 3 3
-1717.8 3639.3 -40.0 8 0 4.6 8.5 5.0 2.5 2 0 2 1 1
-1724.2 3606.4 -40.8 11 0 6.3 8.2 7.5 2.5 2 1 3 3 3
-1772.3 3577.3 -41.3 93 0 7.7 5.4 2.5 0.0 0 0 1 5 5
-1746.9 3592.9 -41.1 17 0 5.1 8.4 5.0 0.0 0 1 2 4 4
-1739.5 3685.6 -39.0 7 0 4.8 7.9 5.0 2.5 2 1 2 5 5
-1760.9 3553.7 -41.9 93 0 4.6 9.0 5.0 2.5 2 1 2 5 5
-1814.5 3545.3 -42.0 98 0 4.9 10.3 5.0 2.5 2 1 2 1 1
-1824.1 3550.7 -41.9 98 0 7.1 12.7 5.0 2.5 2 1 2 4 4
-1791.1 3566.0 -41.6 94 0 7.7 4.9 2.5 2.5 4 0 1 1 1
-1823.9 3597.2 -41.0 188 0 6.7 15.4 5.0 2.5 2 1 2 3 3
-1799.1 3660.4 -39.5 10 0 6.8 6.1 2.5 0.0 0 0 1 2 2
-1784.9 3622.0 -40.4 188 0 8.1 7.9 7.5 2.5 2 0 3 1 1
-1785.7 3635.5 -40.1 186 0 8.0 5.8 7.5 2.5 2 0 3 1 1
-1768.4 3666.6 -39.3 100 0 7.2 6.9 7.5 2.5 2 0 3 2 2
-1792.5 3694.1 -38.8 24 0 8.9 8.2 7.5 2.5 4 0 3 3 3
-1818.1 3675.2 -39.1 114 0 7.8 9.5 5.0 2.5 2 1 2 4 4
-2050.7 4283.7 -43.2 10 0 6.4 8.9 5.0 2.5 2 1 2 0 0
-2069.3 4261.9 -42.9 194 0 10.3 11.2 2.5 2.5 2 0 1 2 2
-2076.1 4204.7 -41.9 17 0 8.4 8.6 5.0 2.5 2 1 2 0 0
-2077.3 4192.7 -41.5 15 0 8.1 6.9 2.5 2.5 2 0 1 3 3
-2097.4 4198.0 -41.9 199 0 6.9 7.7 7.5 2.5 4 1 3 1 1
-2124.2 4174.4 -42.0 191 0 7.5 4.6 2.5 2.5 4 0 1 1 1
-2086.1 4169.6 -41.3 8 0 12.9 10.7 7.5 2.5 2 0 3 3 3
-2091.7 4151.5 -41.2 9 0 12.6 16.9 7.5 2.5 2 1 3 4 4
-2078.3 4143.1 -40.1 186 0 5.7 7.0 7.5 2.5 2 1 3 4 4
-2068.4 4101.4 -38.8 179 0 6.3 6.7 7.5 2.5 2 1 3 5 5
-2034.7 4114.1 -38.5 93 0 9.3 5.2 2.5 2.5 2 0 1 3 3
-2009.0 4087.3 -37.1 276 0 9.0 7.6 5.0 2.5 4 0 2 3 3
-2039.5 4078.6 -37.7 285 0 12.8 5.9 5.0 2.5 2 0 2 5 5
-2083.1 4081.1 -38.9 4 0 5.2 7.6 7.5 2.5 2 1 3 3 3
-2079.1 4049.9 -38.2 98 0 17.8 7.8 7.5 2.5 2 0 3 3 3
-2065.7 4047.8 -37.7 98 0 5.5 11.7 7.5 2.5 2 1 3 5 5
-2052.9 4040.4 -36.9 275 0 5.0 8.7 2.5 2.5 2 1 1 3 3
-2066.6 4041.7 -37.3 277 0 6.2 9.4 5.0 2.5 2 1 2 3 3
-2103.4 4123.6 -40.5 10 0 8.8 7.9 2.5 2.5 2 0 1 1 1
-2178.7 5254.0 -31.0 10 0 8.1 7.6 5.0 0.0 0 0 2 0 0
-2146.4 5208.4 -32.2 1 0 7.3 8.8 7.5 2.5 2 1 3 4 4
-2369.6 5171.3 -36.1 97 0 3.5 12.2 7.5 0.0 0 1 3 0 0
-2361.8 5188.9 -35.7 279 0 4.7 8.2 7.5 2.5 2 1 3 1 1
-2389.0 5175.1 -36.2 95 0 10.6 4.4 5.0 2.5 2 0 2 2 2
-2385.0 5128.5 -37.8 92 0 10.2 3.7 5.0 2.5 2 0 2 0 0
-2309.3 5119.9 -37.2 96 0 7.3 6.1 7.5 0.0 0 0 3 2 2
-2310.3 5142.8 -36.6 281 0 7.6 6.1 7.5 2.5 2 0 3 1 1
-2284.7 5164.6 -35.4 184 0 8.4 7.2 2.5 2.5 2 0 1 4 4
-2250.0 5078.0 -38.0 100 0 6.2 5.5 5.0 2.5 2 0 2 2 2
-2244.2 5055.1 -38.7 98 0 5.9 6.4 7.5 2.5 2 1 3 1 1
-2268.9 5059.3 -38.9 100 0 9.4 4.2 2.5 2.5 2 0 1 3 3
-2307.9 5077.5 -38.9 276 0 9.4 4.4 2.5 2.5 4 0 1 4 4
-2310.8 5084.1 -38.5 97 0 6.4 6.7 5.0 2.5 2 1 2 5 5
-2333.0 5093.5 -38.8 276 0 8.5 8.9 2.5 2.5 2 1 1 3 3
-2344.8 5098.8 -38.5 10 0 6.6 9.2 2.5 2.5 2 1 1 4 4
-2364.2 5099.3 -38.6 98 0 8.0 4.2 7.5 2.5 2 0 3 4 4
-2398.4 5066.5 -40.4 1 0 5.1 9.8 5.0 2.5 2 1 2 0 0
-2415.4 5088.4 -39.9 271 0 5.4 6.4 5.0 2.5 2 0 2 4 4
-2475.7 5121.3 -39.4 5 0 9.2 5.2 5.0 2.5 2 0 2 0 0
-2435.8 5162.9 -37.5 274 0 3.9 8.2 7.5 2.5 2 1 3 2 2
-2458.8 5139.1 -38.5 8 0 6.1 8.2 5.0 2.5 2 1 2 4 4
-2468.4 5142.6 -38.5 7 0 10.3 3.5 2.5 2.5 4 0 1 2 2
-2494.7 5016.9 -43.4 274 0 6.2 7.3 7.5 2.5 2 1 3 4 4
-1535.5 5303.7 -29.7 184 0 5.2 6.2 7.5 2.5 2 1 3 0 0
-1533.1 5320.2 -29.7 191 0 5.3 6.3 7.5 0.0 0 1 3 5 5
-1352.3 5294.7 -23.8 273 0 9.8 10.8 5.0 2.5 2 1 2 3 3
-1384.9 5243.4 -24.5 93 0 6.7 7.2 7.5 2.5 2 1 3 4 4
-1386.7 5257.4 -24.2 184 0 6.2 9.4 7.5 0.0 0 1 3 1 1
-1398.1 5294.8 -24.0 101 0 12.3 8.6 7.5 2.5 4 0 3 3 3
-1481.4 5320.8 -27.7 100 0 8.8 14.9 5.0 2.5 2 1 2 0 0
-1460.0 5365.6 -26.9 185 0 25.6 9.0 7.5 2.5 2 0 3 5 5
-1465.3 5347.7 -27.0 184 0 4.8 9.9 7.5 2.5 2 1 3 5 5
-1465.8 5319.1 -27.0 95 0 5.2 11.1 7.5 2.5 2 1 3 1 1
-1427.1 5350.9 -25.8 5 0 25.4 7.9 2.5 2.5 2 0 1 2 2
-1424.5 5369.2 -25.8 5 0 6.8 8.3 2.5 2.5 2 1 1 0 0
-1422.9 5380.2 -25.8 6 0 9.0 8.4 7.5 0.0 0 0 3 3 3
-1456.8 5396.6 -27.0 189 0 8.7 20.7 2.5 2.5 2 1 1 2 2
-1413.8 5381.0 -25.3 7 0 6.9 6.8 5.0 2.5 2 0 2 2 2
-1382.8 5330.9 -23.5 1 0 8.9 4.1 7.5 0.0 0 0 3 0 0
-1402.0 5343.0 -24.3 181 0 8.4 10.7 2.5 2.5 2 1 1 3 3
-1402.0 5355.3 -24.4 184 0 5.4 10.7 5.0 2.5 2 1 2 0 0
-1380.5 5393.7 -24.3 5 0 8.3 13.6 2.5 2.5 2 1 1 1 1
-1378.4 5438.5 -24.3 3 0 6.9 7.7 7.5 2.5 4 1 3 1 1
-1378.6 5419.2 -24.4 5 0 8.4 13.3 2.5 2.5 4 1 1 5 5
-1412.9 5583.1 -25.2 99 0 7.1 6.2 7.5 2.5 2 0 3 4 4
-1419.6 5623.0 -21.9 9 0 6.8 6.6 5.0 2.5 2 0 2 5 5
-1435.7 5629.5 -21.3 191 0 12.8 5.8 5.0 0.0 0 0 2 2 2
-1410.1 5626.1 -22.4 190 0 10.4 4.9 7.5 2.5 4 0 3 5 5
-1446.3 5508.1 -27.7 12 0 9.8 7.2 7.5 0.0 0 0 3 4 4
-1366.4 5690.3 -18.8 6 0 4.2 9.5 5.0 2.5 2 1 2 5 5
-1382.0 5710.1 -17.3 270 0 5.1 8.8 2.5 2.5 2 1 1 3 3
-1388.7 5693.2 -18.2 183 0 9.8 5.3 2.5 2.5 2 0 1 1 1
-1371.3 5655.5 -21.3 14 0 6.9 10.8 5.0 2.5 2 1 2 4 4
-1270.5 5602.6 -20.5 191 0 8.0 9.5 7.5 2.5 2 1 3 1 1
-1250.1 5689.2 -20.2 196 0 6.9 5.6 7.5 2.5 2 0 3 1 1
-1277.8 5670.4 -21.4 7 0 8.6 4.0 5.0 2.5 2 0 2 1 1
-1280.5 5655.7 -21.8 8 0 3.7 12.5 5.0 2.5 2 1 2 0 0
-1301.4 5675.1 -22.3 194 0 5.4 6.4 5.0 2.5 4 1 2 4 4
-1300.6 5683.1 -22.1 190 0 6.5 6.1 2.5 2.5 2 0 1 2 2
-1300.8 5691.8 -21.8 190 0 7.0 10.3 7.5 2.5 2 1 3 4 4
-1325.4 5722.5 -18.5 281 0 4.1 9.2 7.5 2.5 2 1 3 2 2
-1323.6 5650.3 -23.3 10 0 6.6 5.4 7.5 2.5 2 0 3 4 4
-1358.4 5646.4 -22.9 191 0 5.8 8.1 5.0 2.5 2 1 2 4 4
-1355.5 5634.3 -23.9 192 0 4.2 9.4 7.5 0.0 0 1 3 1 1
-1327.3 5636.0 -23.5 11 0 5.0 7.5 7.5 2.5 4 1 3 2 2
-1328.5 5623.7 -23.3 11 0 9.0 4.3 7.5 2.5 2 0 3 5 5
-1331.0 5611.6 -23.5 10 0 6.3 9.2 7.5 2.5 2 1 3 2 2
-1348.4 5610.9 -24.0 96 0 6.2 12.1 5.0 2.5 2 1 2 2 2
-1363.0 5618.5 -24.5 189 0 10.4 9.3 7.5 2.5 2 0 3 4 4
-1375.3 5577.2 -24.8 188 0 12.8 6.5 2.5 2.5 2 0 1 2 2
-1324.0 5581.0 -22.8 274 0 7.2 7.9 5.0 2.5 2 1 2 4 4
-1292.9 5617.8 -21.9 12 0 12.8 9.1 7.5 2.5 2 0 3 5 5
-1248.4 5654.5 -20.0 99 0 4.3 7.7 2.5 2.5 2 1 1 0 0
-1218.3 5670.2 -18.9 96 0 10.5 9.4 5.0 2.5 2 0 2 1 1
-1228.9 5656.1 -19.3 7 0 5.4 5.7 5.0 2.5 2 1 2 3 3
-1225.3 5628.8 -19.2 6 0 8.3 10.7 5.0 2.5 2 1 2 0 0
-1228.6 5604.8 -19.0 7 0 7.6 8.4 7.5 0.0 0 1 3 2 2
-1323.3 5775.3 -15.0 188 0 12.0 14.0 5.0 2.5 2 1 2 5 5
547.5 6689.3 1.7 10 0 12.7 4.8 7.5 2.5 2 0 3 1 1
556.8 6405.1 -0.8 94 0 8.4 6.0 5.0 2.5 2 0 2 5 5
547.4 6406.1 -0.7 90 0 6.4 6.2 7.5 2.5 2 0 3 1 1
343.9 6659.8 4.3 283 0 4.5 10.6 2.5 2.5 2 1 1 1 1
458.6 6703.1 2.9 2 0 9.3 6.1 2.5 2.5 2 0 1 1 1
542.5 6697.8 1.8 12 0 7.8 6.8 5.0 2.5 2 0 2 5 5
506.9 6710.7 2.2 269 0 5.1 9.2 5.0 2.5 2 1 2 2 2
480.8 6689.9 2.5 177 0 12.8 5.1 7.5 2.5 2 0 3 1 1
536.1 6524.9 1.6 92 0 6.0 9.5 2.5 2.5 2 1 1 5 5
483.8 6498.3 1.1 271 0 4.7 10.0 2.5 2.5 4 1 1 3 3
463.6 6487.0 1.0 180 0 9.7 5.6 7.5 0.0 0 0 3 3 3
438.3 6493.7 1.2 272 0 5.7 6.7 2.5 2.5 2 1 1 1 1
441.6 6545.6 2.2 320 0 7.3 7.2 5.0 2.5 2 0 2 4 4
449.2 6539.4 2.0 318 0 5.4 6.3 7.5 2.5 2 1 3 5 5
363.0 6609.4 3.6 283 0 4.6 6.7 5.0 2.5 2 1 2 2 2
389.9 6618.0 3.7 92 0 6.1 9.2 2.5 2.5 4 1 1 5 5
398.3 6618.0 3.6 93 0 6.3 9.0 7.5 2.5 2 1 3 3 3
409.4 6618.4 3.4 93 0 7.3 12.6 5.0 2.5 2 1 2 3 3
417.1 6611.8 3.3 273 0 9.6 7.8 7.5 2.5 2 0 3 3 3
419.5 6592.5 3.3 90 0 8.3 9.9 2.5 2.5 2 1 1 0 0
442.7 6620.1 3.0 92 0 4.5 16.6 5.0 2.5 2 1 2 5 5
456.6 6650.0 2.9 2 0 7.7 7.7 2.5 0.0 0 0 1 0 0
452.7 6622.2 2.9 96 0 6.1 16.8 7.5 2.5 2 1 3 3 3
449.0 6599.4 2.9 279 0 5.2 9.4 7.5 0.0 0 1 3 4 4
451.2 6613.6 2.9 278 0 7.8 9.2 5.0 2.5 2 1 2 5 5
459.7 6585.8 2.8 6 0 13.8 4.3 7.5 2.5 2 0 3 2 2
487.3 6524.3 1.6 193 0 8.8 15.9 2.5 2.5 2 1 1 5 5
497.8 6542.2 1.8 284 0 5.9 11.8 7.5 2.5 2 1 3 2 2
507.7 6559.5 2.1 99 0 9.0 6.4 2.5 2.5 2 0 1 3 3
504.7 6580.2 2.1 94 0 7.8 11.7 7.5 2.5 2 1 3 3 3
548.7 6572.7 1.6 4 0 10.6 5.8 5.0 2.5 2 0 2 2 2
505.5 6634.8 2.1 187 0 5.9 9.9 7.5 2.5 2 1 3 4 4
535.8 6607.7 1.8 8 0 8.4 11.6 7.5 2.5 2 1 3 0 0
489.4 6604.6 2.3 188 0 7.2 6.2 7.5 2.5 4 0 3 5 5
476.7 6641.5 2.6 11 0 10.1 7.2 7.5 2.5 4 0 3 0 0
2264.6 3781.5 -12.3 5 0 6.1 8.2 2.5 2.5 2 1 1 5 5
2179.4 3840.3 -11.6 273 0 4.0 9.6 7.5 2.5 2 1 3 3 3
2152.4 3739.6 -11.6 348 0 10.8 5.3 2.5 2.5 4 0 1 5 5
2262.4 3609.7 -12.5 102 0 9.1 8.5 7.5 2.5 2 0 3 5 5
2269.6 3587.2 -12.6 16 0 11.2 18.5 7.5 0.0 0 1 3 5 5
2205.1 3634.4 -12.1 98 0 5.1 7.0 7.5 2.5 2 1 3 2 2
2212.4 3627.2 -12.2 192 0 5.8 7.1 5.0 0.0 0 1 2 0 0
2208.5 3643.8 -12.1 100 0 5.1 7.0 7.5 2.5 2 1 3 4 4
2175.6 3768.9 -11.7 104 0 5.4 11.2 7.5 2.5 2 1 3 3 3
2200.8 3781.9 -11.8 5 0 8.8 4.6 7.5 2.5 2 0 3 1 1
2181.8 3741.1 -11.8 197 0 7.1 9.5 5.0 2.5 2 1 2 3 3
2183.5 3729.7 -11.9 191 0 8.6 12.6 5.0 2.5 2 1 2 1 1
2232.7 3748.7 -12.1 356 0 9.4 7.1 7.5 2.5 2 0 3 3 3
2224.0 3748.9 -12.0 358 0 6.2 13.6 2.5 2.5 2 1 1 2 2
2254.9 3766.6 -12.3 188 0 7.9 8.4 7.5 2.5 2 1 3 2 2
2276.3 3754.4 -12.4 279 0 7.8 10.2 5.0 2.5 2 1 2 2 2
2286.6 3734.1 -12.5 10 0 8.4 6.4 2.5 2.5 2 0 1 2 2
2266.5 3737.0 -12.4 190 0 7.4 11.9 5.0 2.5 2 1 2 4 4
2219.6 3720.5 -12.0 12 0 10.0 11.5 5.0 2.5 2 1 2 4 4
2219.1 3703.7 -12.1 11 0 11.5 8.4 5.0 2.5 2 0 2 1 1
2237.2 3700.0 -12.3 188 0 7.3 8.3 7.5 2.5 2 1 3 4 4
2238.9 3713.6 -12.3 190 0 9.2 11.9 7.5 2.5 2 1 3 3 3
2240.3 3682.0 -12.3 187 0 8.3 5.5 7.5 2.5 2 0 3 2 2
2231.2 3685.0 -12.2 188 0 10.4 5.9 7.5 2.5 2 0 3 5 5
2239.9 3664.2 -12.3 192 0 4.8 8.4 5.0 2.5 2 1 2 0 0
2251.6 3670.4 -12.4 190 0 9.3 8.6 5.0 2.5 2 0 2 0 0
2362.0 3750.0 -13.0 284 0 4.2 8.9 2.5 2.5 2 1 1 0 0
2356.4 3740.3 -13.0 287 0 8.4 13.2 7.5 2.5 2 1 3 5 5
2364.4 3721.5 -13.1 285 0 7.7 13.2 2.5 2.5 2 1 1 3 3
2398.9 3703.7 -13.3 16 0 14.9 5.3 7.5 2.5 2 0 3 0 0
2390.4 3700.2 -13.3 17 0 5.2 7.9 5.0 2.5 2 1 2 0 0
2368.9 3685.6 -13.1 16 0 10.5 29.0 10.0 2.5 2 0 4 1 1
1566.6 2548.9 -5.5 3 0 9.5 9.0 5.0 2.5 2 0 2 3 3
1559.6 2600.3 -5.4 86 0 12.5 22.3 7.5 2.5 2 1 3 3 3
2575.3 2274.5 -9.3 288 0 11.1 23.3 7.5 2.5 2 1 3 0 0
2544.7 2279.7 -9.0 287 0 11.1 16.3 2.5 2.5 2 1 1 3 3
2466.8 2222.2 -8.3 114 0 13.9 39.5 7.5 2.5 2 1 3 1 1
2470.5 2295.0 -8.2 293 0 16.4 10.5 5.0 2.5 4 0 2 5 5
2450.4 2262.9 -8.1 205 0 18.7 13.9 7.5 2.5 2 0 3 1 1
2367.5 2313.0 -7.2 136 0 19.2 9.5 2.5 0.0 0 0 1 5 5
2391.2 2370.2 -7.5 307 0 8.1 31.9 7.5 2.5 2 1 3 2 2
2361.4 2336.9 -7.2 218 0 17.8 8.6 7.5 2.5 2 0 3 1 1
2295.5 2356.9 -6.4 134 0 6.6 5.6 7.5 2.5 2 0 3 2 2
2102.8 2798.5 -7.5 288 0 5.7 9.3 5.0 2.5 2 1 2 0 0
2113.6 2744.1 -7.1 293 0 5.4 8.7 5.0 2.5 2 1 2 5 5
2084.9 2777.7 -7.2 20 0 6.9 9.6 7.5 2.5 2 1 3 2 2
2090.6 2763.8 -7.1 285 0 10.7 13.3 10.0 2.5 2 1 4 2 2
1987.7 2751.6 -6.3 14 0 11.1 10.0 7.5 2.5 2 0 3 0 0
2813.9 1433.6 -10.6 315 0 5.6 12.3 7.5 2.5 2 1 3 2 2
2685.1 1683.5 -9.8 203 0 8.3 28.0 2.5 2.5 2 1 1 5 5
2091.3 2607.6 -5.9 17 0 9.1 9.0 5.0 2.5 2 0 2 5 5
2094.2 2623.5 -6.1 119 0 6.7 9.6 7.5 2.5 2 1 3 1 1
2103.2 2664.1 -6.5 114 0 13.7 10.5 5.0 2.5 2 0 2 0 0
1901.8 2650.8 -5.1 98 0 12.1 24.6 10.0 2.5 2 1 4 3 3
1836.0 2715.6 -5.1 172 0 6.9 9.6 7.5 2.5 2 1 3 5 5
1838.0 2765.9 -5.4 269 0 10.8 18.7 5.0 2.5 2 1 2 2 2
1790.5 2785.4 -5.3 9 0 20.3 9.9 2.5 2.5 2 0 1 5 5
4394.6 2627.1 -10.7 290 0 6.1 9.8 2.5 2.5 4 1 1 5 5
4336.2 2559.3 -12.1 278 0 11.1 11.4 5.0 2.5 2 1 2 1 1
4343.8 2526.7 -11.9 98 0 10.1 13.4 2.5 2.5 2 1 1 3 3
4224.9 2678.0 -13.9 102 0 12.4 6.6 2.5 2.5 2 0 1 5 5
4239.1 2702.5 -13.9 13 0 7.1 22.4 7.5 2.5 2 1 3 0 0
4235.9 2691.7 -13.8 16 0 9.7 12.1 2.5 2.5 2 1 1 5 5
4215.6 2692.1 -14.0 101 0 8.5 8.7 7.5 2.5 2 1 3 0 0
1454.3 1151.2 1.7 109 0 9.0 11.7 5.0 2.5 4 1 2 0 0
1657.3 1003.2 -0.1 300 0 26.8 10.0 7.5 2.5 2 0 3 1 1
1679.3 983.9 -0.2 29 0 30.1 7.1 7.5 2.5 2 0 3 3 3
1711.8 1087.5 -0.4 20 0 9.6 4.0 7.5 2.5 2 0 3 0 0
1714.5 1118.3 -0.4 24 0 6.6 8.9 5.0 2.5 2 1 2 1 1
1730.8 1093.3 -0.6 198 0 16.0 8.4 5.0 2.5 2 0 2 4 4
1643.8 1179.3 0.1 104 0 5.2 13.9 7.5 2.5 2 1 3 1 1
1644.3 1195.6 0.1 107 0 11.4 8.8 7.5 2.5 2 0 3 4 4
1613.4 1210.8 0.4 13 0 10.2 13.3 5.0 2.5 2 1 2 5 5
1621.3 1186.6 0.3 106 0 9.7 14.0 5.0 2.5 2 1 2 3 3
1606.5 1194.4 0.5 14 0 6.5 12.0 5.0 0.0 0 1 2 0 0
1090.9 1269.4 4.6 121 0 15.2 10.6 7.5 2.5 2 0 3 0 0
1038.9 1315.7 5.2 29 0 11.6 17.0 2.5 2.5 2 1 1 5 5
1795.0 1004.0 -1.1 293 0 7.2 10.2 5.0 2.5 2 1 2 2 2
1748.0 1069.6 -0.7 21 0 9.4 9.9 5.0 0.0 0 1 2 0 0
1734.9 1031.5 -0.6 19 0 7.0 8.1 2.5 2.5 4 1 1 3 3
1740.3 1019.4 -0.7 22 0 7.6 7.0 7.5 2.5 2 0 3 5 5
1729.0 1010.6 -0.6 20 0 12.3 8.9 5.0 2.5 4 0 2 1 1
1714.1 1042.1 -0.5 201 0 10.0 8.8 5.0 2.5 2 0 2 3 3
1704.4 1067.6 -0.4 20 0 9.5 12.1 7.5 2.5 2 1 3 0 0
1338.1 1303.4 2.6 294 0 18.2 45.8 10.0 2.5 2 1 4 1 1
1293.8 1296.4 2.9 203 0 45.6 17.1 7.5 2.5 2 0 3 3 3
1620.0 1157.9 0.3 195 0 9.4 4.9 2.5 2.5 2 0 1 0 0
1616.0 1144.7 0.3 191 0 9.2 5.4 2.5 2.5 2 0 1 5 5
1585.1 1110.2 0.6 13 0 8.0 7.0 2.5 2.5 2 0 1 0 0
1691.5 1130.1 -0.2 16 0 9.8 9.1 5.0 2.5 2 0 2 0 0
1692.5 1171.0 -0.4 199 0 11.6 14.2 5.0 0.0 0 1 2 2 2
1692.4 1158.9 -0.3 200 0 6.0 7.4 7.5 2.5 2 1 3 2 2
2981.7 -4082.6 25.8 20 0 12.6 3.9 2.5 2.5 4 0 1 2 2
2963.5 -4085.9 25.5 25 0 6.0 9.1 5.0 2.5 2 1 2 1 1
2944.1 -4027.1 24.5 18 0 15.3 7.2 5.0 2.5 2 0 2 3 3
3510.7 -4533.7 45.9 296 0 8.0 21.9 7.5 2.5 2 0 3 1 1
3501.8 -4561.2 45.4 26 0 13.4 8.0 2.5 2.5 2 0 1 5 5
2964.9 -4331.3 25.2 103 0 8.5 9.9 5.0 2.5 2 1 2 5 5
2971.6 -4305.5 25.3 283 0 8.5 8.8 5.0 2.5 4 1 2 1 1
2986.1 -4309.0 25.5 282 0 12.7 8.2 5.0 2.5 2 0 2 0 0
2858.5 -4364.4 23.8 15 0 4.8 6.6 5.0 2.5 2 1 2 4 4
4791.8 -1352.3 25.8 100 0 22.0 23.5 17.5 3.5 2 1 5 4 4
4504.2 -1088.5 26.0 122 0 6.1 19.1 10.5 3.5 2 1 3 0 0
4380.4 -968.5 25.9 211 0 10.8 19.7 17.5 3.5 4 1 5 4 4
5003.1 -1619.7 28.3 209 0 22.7 30.2 10.5 0.0 0 1 3 5 5
4097.5 -1210.7 25.4 194 0 13.8 32.6 14.0 3.5 2 1 4 1 1
