1054.1 5925.9 4.3 282 0 46.2 26.6 5.0 0.0 0 0 2 0 0
1132.8 5912.4 2.9 282 0 46.2 26.6 10.0 0.0 0 0 4 1 1
5552.4 6739.4 -19.6 9 0 11.8 81.6 17.5 0.0 0 1 5 4 4
5372.2 6275.0 -14.6 267 0 36.2 37.8 7.5 0.0 0 1 3 0 0
5920.8 6477.9 -13.5 253 0 37.4 42.5 10.5 0.0 0 1 3 0 0
6420.3 6356.3 -12.4 157 0 22.9 15.8 14.0 3.5 2 0 4 5 5
6578.6 6321.3 -12.0 268 0 39.5 77.5 14.0 0.0 0 1 4 3 3
6441.3 6322.7 -11.7 156 0 28.7 15.5 14.0 3.5 2 0 4 0 0
6456.0 6266.7 -10.9 157 0 41.9 28.9 14.0 0.0 0 0 4 4 4
6645.8 6286.1 -12.2 3 0 11.7 12.1 14.0 3.5 2 1 4 1 1
6603.9 6577.7 -14.9 195 0 8.5 29.9 7.5 2.5 4 1 3 1 1
6587.6 6529.8 -14.6 190 0 11.3 40.8 10.0 2.5 2 1 4 5 5
6866.6 6388.4 -15.0 91 0 22.0 28.0 7.5 0.0 0 1 3 3 3
6917.5 6543.1 -17.8 200 0 30.8 14.5 10.5 3.5 2 0 3 4 4
6660.8 6591.7 -15.2 13 0 11.3 18.9 7.5 0.0 0 1 3 1 1
3349.3 1922.9 9.8 101 0 9.2 10.3 5.0 2.5 2 1 2 2 2
1706.2 2361.9 4.6 193 0 26.6 15.3 7.5 0.0 0 0 3 4 4
3327.4 1932.7 8.8 193 0 10.6 11.5 7.5 0.0 0 1 3 4 4
3320.9 1916.0 8.3 282 0 16.0 7.0 5.0 2.5 2 0 2 3 3
3276.6 1923.9 7.3 279 0 12.3 19.6 2.5 2.5 2 1 1 1 1
1846.1 1350.9 8.1 104 0 20.4 16.0 10.0 2.5 2 0 4 4 4
1989.3 1784.7 1.6 14 0 35.5 54.8 10.0 0.0 0 1 4 5 5
1162.5 2566.4 13.0 103 0 11.9 126.2 12.5 2.5 4 1 5 5 5
