108.2 -4188.1 -8.5 284 0 44.0 40.4 7.5 0.0 0 0 3 5 5
582.3 -5749.3 -2.2 150 0 17.1 15.5 7.5 0.0 0 0 3 5 5
526.0 -5731.4 -2.3 359 0 18.9 17.6 10.0 2.5 2 0 4 4 4
401.2 -5859.3 -4.1 84 0 14.8 19.8 10.0 2.5 2 1 4 1 1
841.6 -5781.2 -0.3 93 0 10.2 25.7 7.5 2.5 2 1 3 5 5
838.2 -5983.3 1.2 151 0 12.3 41.8 7.5 2.5 2 1 3 2 2
458.2 -5616.2 -2.6 349 0 16.8 23.9 7.5 2.5 2 1 3 0 0
376.3 -5775.1 -0.3 269 0 36.9 25.7 12.5 0.0 0 0 5 1 1
1466.2 -6419.4 3.7 105 0 13.7 24.2 10.0 2.5 2 1 4 0 0
1285.8 -5812.3 2.8 282 0 35.2 16.4 10.0 2.5 2 0 4 2 2
1196.8 -5840.6 2.7 100 0 22.0 21.2 7.5 2.5 2 0 3 3 3
1619.7 -5216.7 -1.1 162 0 15.9 11.2 7.5 2.5 2 0 3 2 2
