5601.5 -6455.4 9.2 101 0 6.0 48.9 10.5 3.5 2 1 3 1 1
5617.3 -6349.3 10.1 295 0 54.4 14.4 14.0 3.5 2 0 4 1 1
5796.1 -5546.8 4.6 10 0 50.2 38.6 17.5 0.0 0 0 5 1 1
5756.6 -5730.7 6.9 5 0 8.5 39.7 10.5 3.5 2 1 3 3 3
5763.4 -5698.3 6.5 13 0 37.2 14.0 14.0 3.5 2 0 4 0 0
4699.1 -5567.6 -4.4 276 0 31.5 67.2 5.0 0.0 0 1 2 1 1
4681.3 -5730.2 -5.2 95 0 21.3 48.4 10.0 2.5 2 1 4 5 5
6225.0 -5876.9 3.4 93 0 15.4 51.7 17.5 3.5 4 1 5 2 2
6529.0 -6486.6 8.1 89 0 20.0 32.2 17.5 0.0 0 1 5 3 3
6562.4 -6451.4 8.0 0 0 13.7 34.4 17.5 3.5 2 1 5 5 5
6567.4 -6431.9 7.9 1 0 20.7 32.1 17.5 0.0 0 1 5 5 5
6484.6 -6374.0 7.8 273 0 14.3 47.6 17.5 3.5 2 1 5 1 1
6178.6 -6489.7 8.8 32 0 26.2 12.0 14.0 3.5 2 0 4 2 2
6156.5 -6663.8 10.9 248 0 14.2 23.2 17.5 3.5 2 1 5 1 1
6129.7 -6697.6 10.4 1 0 40.7 43.9 17.5 0.0 0 1 5 5 5
6385.7 -5699.3 0.5 266 0 12.7 22.4 14.0 3.5 2 1 4 0 0
6402.6 -5691.2 0.6 267 0 16.9 38.1 14.0 3.5 2 1 4 3 3
6596.8 -5750.8 2.4 353 0 36.4 37.0 14.0 0.0 0 1 4 0 0
6365.4 -5890.6 2.1 265 0 36.5 20.5 17.5 0.0 0 0 5 3 3
6292.9 -5754.2 0.0 5 0 74.9 38.2 17.5 0.0 0 0 5 1 1
6258.8 -5875.6 3.0 93 0 11.9 52.2 17.5 3.5 2 1 5 1 1
6531.0 -5789.6 2.0 84 0 59.0 63.2 14.0 0.0 0 1 4 3 3
6384.2 -5623.1 -2.1 93 0 32.4 24.8 17.5 0.0 0 0 5 2 2
6587.8 -5699.9 2.3 272 0 27.2 14.7 14.0 3.5 2 0 4 2 2
6209.5 -5596.2 -0.4 184 0 14.0 16.9 17.5 3.5 2 1 5 1 1
6209.7 -5569.4 -0.7 183 0 27.4 24.0 17.5 0.0 0 0 5 1 1
6327.1 -5576.6 -3.2 0 0 21.2 28.3 17.5 0.0 0 1 5 0 0
6280.1 -5644.4 -2.6 92 0 31.1 31.5 17.5 0.0 0 1 5 5 5
6253.4 -5574.8 -1.0 270 0 5.9 8.1 10.5 3.5 2 1 3 1 1
6252.7 -5559.0 -1.0 283 0 8.0 13.3 10.5 0.0 0 1 3 3 3
6139.3 -5597.3 0.2 180 0 18.0 23.1 17.5 3.5 2 1 5 2 2
6170.9 -5637.5 0.4 88 0 20.5 10.8 17.5 3.5 2 0 5 2 2
6579.5 -5672.4 1.2 98 0 20.2 21.0 14.0 3.5 2 1 4 0 0
6553.5 -5906.2 2.1 271 0 20.0 19.8 14.0 3.5 2 0 4 2 2
6633.1 -5904.2 2.6 92 0 10.4 35.0 14.0 3.5 2 1 4 2 2
6735.7 -5837.1 1.7 349 0 18.8 18.9 14.0 3.5 4 1 4 5 5
6708.3 -5798.3 1.8 214 0 9.2 15.3 10.5 0.0 0 1 3 4 4
6790.8 -5918.6 1.3 75 0 50.1 36.4 14.0 0.0 0 0 4 3 3
6841.4 -5921.2 1.0 93 0 13.0 37.9 14.0 3.5 4 1 4 5 5
4719.5 1818.6 -21.5 280 0 8.1 13.9 2.5 0.0 0 1 1 4 4
4662.7 1755.7 -20.3 2 0 9.0 9.8 7.5 2.5 2 1 3 2 2
4606.6 1784.0 -20.2 181 0 6.7 16.0 7.5 2.5 2 1 3 0 0
4587.6 1862.4 -20.8 159 0 15.1 6.3 5.0 2.5 2 0 2 0 0
4587.4 1881.0 -21.1 101 0 6.1 12.0 5.0 2.5 2 1 2 2 2
5946.7 -5801.9 5.1 4 0 10.0 24.6 17.5 3.5 4 1 5 1 1
5270.6 -6174.1 5.7 275 0 21.7 34.9 14.0 0.0 0 1 4 4 4
5877.5 -6350.3 13.6 90 0 10.3 37.1 14.0 3.5 2 1 4 2 2
5695.6 -6460.1 10.4 101 0 11.6 39.1 15.0 0.0 0 1 6 0 0
6014.6 -5985.9 7.9 355 0 17.1 12.2 5.0 0.0 0 0 2 0 0
6460.6 -5647.8 0.9 2 0 14.8 7.5 10.5 3.5 2 0 3 4 4
5667.3 -6434.2 10.2 190 0 40.3 20.0 12.5 0.0 0 0 5 3 3
5595.5 -5563.4 7.7 1 0 26.5 22.2 17.5 0.0 0 0 5 2 2
5753.4 -6328.9 13.5 95 0 10.9 26.0 14.0 3.5 2 1 4 5 5
