413.9 -6254.1 20.6 94 0 8.8 49.5 5.0 2.5 2 1 2 0 0
384.2 -6247.3 20.9 105 0 8.8 49.9 7.5 2.5 2 1 3 4 4
429.8 -6257.5 20.4 98 0 8.5 49.9 7.5 2.5 2 1 3 1 1
1019.3 -6391.2 8.5 300 0 8.8 88.0 7.5 0.0 0 1 3 1 1
1636.0 -6188.5 -1.0 267 0 13.4 130.4 10.0 0.0 0 1 4 5 5
1722.3 -6263.0 -2.4 357 0 130.6 14.5 12.5 0.0 0 0 5 3 3
1782.4 -6615.0 -0.3 93 0 13.5 101.8 10.0 2.5 2 1 4 4 4
1723.4 -6456.0 0.1 275 0 12.8 135.4 10.0 0.0 0 1 4 1 1
1652.9 -6621.4 2.8 183 0 7.6 20.8 7.5 0.0 0 1 3 2 2
3147.2 -3339.3 -24.7 266 0 15.6 95.5 12.5 2.5 2 1 5 4 4
3133.0 -3269.2 -24.8 357 0 100.7 12.1 10.0 2.5 2 0 4 4 4
3057.0 -3337.0 -22.9 266 0 13.1 103.7 7.5 2.5 2 1 3 3 3
3060.8 -3274.9 -23.3 356 0 100.8 10.1 10.0 2.5 2 0 4 1 1
3047.0 -3111.5 -23.7 266 0 12.7 95.5 7.5 2.5 2 1 3 4 4
2971.3 -3106.9 -22.2 266 0 11.5 101.3 7.5 2.5 2 1 3 5 5
3010.7 -3274.5 -22.3 357 0 102.4 17.4 7.5 0.0 0 0 3 5 5
2926.6 -3228.4 -20.7 267 0 14.5 103.6 7.5 2.5 2 1 3 1 1
2905.4 -3110.2 -20.8 265 0 13.8 103.8 7.5 2.5 2 1 3 5 5
2852.9 -3232.4 -19.3 267 0 16.2 102.4 10.0 0.0 0 1 4 2 2
2829.7 -3007.6 -20.9 267 0 12.4 212.5 12.5 0.0 0 1 5 3 3
2818.8 -2815.6 -25.2 266 0 16.1 180.0 15.0 0.0 0 1 6 5 5
2760.2 -2848.2 -25.1 267 0 16.8 148.5 10.0 0.0 0 1 4 5 5
2769.6 -3013.7 -21.4 266 0 17.2 100.8 10.0 0.0 0 1 4 2 2
2657.1 -3131.9 -19.8 267 0 13.7 109.5 10.0 2.5 2 1 4 3 3
2617.0 -3134.1 -19.9 266 0 14.6 107.8 17.5 2.5 2 1 7 4 4
2573.1 -3133.5 -20.2 266 0 13.3 111.9 12.5 2.5 2 1 5 3 3
2513.6 -3113.2 -20.9 266 0 14.5 122.3 12.5 0.0 0 1 5 0 0
2788.6 -3398.8 -17.6 88 0 14.6 93.6 10.0 2.5 2 1 4 1 1
2669.0 -3432.9 -16.0 87 0 16.9 103.0 10.0 0.0 0 1 4 1 1
2611.6 -3433.0 -15.5 87 0 17.5 105.9 12.5 0.0 0 1 5 0 0
