-3898.8 3537.1 -1.2 358 0 52.4 30.3 7.5 0.0 0 0 3 5 5
-3342.9 3483.4 -5.3 276 0 10.3 151.5 12.5 2.5 2 1 5 1 1
-3590.8 3402.7 -0.2 14 0 67.3 35.0 10.0 0.0 0 0 4 4 4
-3391.6 2754.1 6.8 267 0 9.8 90.5 7.5 0.0 0 1 3 0 0
-3347.0 2706.3 8.0 358 0 84.6 8.1 7.5 0.0 0 0 3 2 2
-3371.2 2750.3 7.4 267 0 8.5 86.1 7.5 2.5 2 1 3 4 4
-2644.4 1157.2 14.1 282 0 11.4 98.6 12.5 2.5 2 1 5 4 4
-2394.5 1049.5 15.0 91 0 7.9 59.0 7.5 2.5 2 1 3 1 1
-2409.5 1049.8 14.9 91 0 8.4 59.6 7.5 2.5 2 1 3 3 3
-3620.0 971.3 -0.4 97 0 8.3 40.7 7.5 2.5 2 1 3 1 1
-3540.9 1121.8 -0.1 278 0 8.5 104.1 7.5 2.5 2 1 3 0 0
-3559.3 1122.4 -0.2 278 0 10.8 104.6 10.0 2.5 2 1 4 2 2
-3577.5 1127.7 -0.3 278 0 9.9 107.1 7.5 2.5 2 1 3 2 2
-3529.7 990.7 0.3 9 0 33.8 10.2 10.0 2.5 2 0 4 0 0
-3561.0 977.5 -0.1 99 0 9.0 36.7 7.5 2.5 2 1 3 2 2
-3579.4 980.6 -0.1 99 0 6.8 32.7 5.0 2.5 2 1 2 1 1
-3599.0 980.6 -0.3 99 0 10.5 34.4 7.5 2.5 2 1 3 5 5
-2035.0 1189.9 21.4 268 0 7.3 32.0 5.0 2.5 2 1 2 1 1
-2029.6 1135.4 21.6 179 0 34.9 17.0 10.0 2.5 2 0 4 5 5
-1933.0 1347.2 13.4 282 0 6.7 105.1 7.5 2.5 2 1 3 0 0
-1946.8 1351.7 13.6 281 0 7.9 107.6 7.5 2.5 2 1 3 2 2
-1962.0 1354.6 13.9 282 0 10.0 107.9 7.5 2.5 2 1 3 4 4
-1956.4 1129.3 17.6 94 0 8.6 104.0 7.5 2.5 2 1 3 3 3
-1971.4 1127.8 18.1 94 0 10.4 104.5 10.0 2.5 2 1 4 4 4
-1988.8 1126.4 18.5 94 0 9.6 108.6 7.5 2.5 2 1 3 5 5
-914.1 5551.3 -14.9 116 0 10.7 32.9 15.0 0.0 0 1 6 1 1
-896.5 5541.8 -14.6 116 0 9.7 30.0 7.5 2.5 2 1 3 1 1
-867.3 5532.6 -14.1 116 0 9.5 27.5 7.5 2.5 2 1 3 1 1
-835.9 5590.2 -13.8 300 0 8.8 30.8 7.5 0.0 0 1 3 1 1
-813.2 5482.8 -13.9 289 0 8.6 57.9 7.5 2.5 2 1 3 3 3
-827.0 5490.3 -14.1 290 0 8.6 58.9 7.5 2.5 2 1 3 0 0
969.4 4818.8 -23.6 272 0 9.4 24.4 7.5 2.5 2 1 3 1 1
993.9 4763.0 -23.9 359 0 45.9 8.5 7.5 2.5 2 0 3 5 5
973.8 4740.0 -23.4 89 0 10.0 45.6 7.5 2.5 2 1 3 2 2
959.4 4739.4 -22.9 89 0 9.4 46.2 7.5 2.5 2 1 3 3 3
-2571.3 6155.9 7.5 269 0 14.4 31.1 15.0 0.0 0 1 6 5 5
-2652.0 6126.2 3.5 89 0 10.1 155.5 7.5 2.5 2 1 3 5 5
-2675.5 6125.6 3.2 89 0 10.4 156.1 7.5 0.0 0 1 3 1 1
-2706.8 6125.9 2.4 89 0 9.9 156.7 7.5 0.0 0 1 3 2 2
-2730.0 6125.3 2.0 89 0 10.1 160.7 7.5 0.0 0 1 3 1 1
-2169.2 6725.2 4.3 266 0 13.7 205.3 12.5 0.0 0 1 5 5 5
-2208.9 6722.7 4.9 266 0 14.6 205.7 12.5 0.0 0 1 5 0 0
-2248.3 6719.8 5.5 266 0 15.9 205.1 12.5 0.0 0 1 5 3 3
-2101.0 6102.1 6.8 87 0 15.5 42.8 7.5 2.5 2 1 3 0 0
-2096.1 6309.5 6.0 86 0 15.4 123.0 7.5 0.0 0 1 3 3 3
-2138.4 6433.1 6.4 266 0 12.3 126.4 5.0 2.5 2 1 2 1 1
-2166.6 6424.9 6.9 267 0 11.4 120.5 7.5 0.0 0 1 3 1 1
-2119.3 6235.5 7.4 357 0 113.2 11.2 7.5 0.0 0 0 3 3 3
-2152.3 6176.9 7.6 87 0 9.9 111.5 7.5 2.5 2 1 3 2 2
-2190.3 6288.4 7.8 267 0 14.2 114.1 10.0 0.0 0 1 4 2 2
-1761.3 6019.0 3.4 206 0 12.6 8.7 7.5 2.5 2 0 3 1 1
-1701.1 5988.4 2.2 291 0 10.9 31.6 7.5 2.5 2 1 3 1 1
-1780.3 5967.6 2.9 192 0 12.8 28.9 10.0 2.5 2 1 4 0 0
-1620.3 5980.3 1.0 10 0 38.1 8.6 7.5 2.5 2 0 3 5 5
-1621.2 6053.9 1.2 284 0 10.2 89.6 10.0 2.5 2 1 4 1 1
-1640.0 6057.1 1.5 284 0 7.9 87.7 7.5 2.5 2 1 3 3 3
-1369.3 6146.9 -4.9 126 0 10.6 81.8 12.5 2.5 4 1 5 2 2
-1305.7 6199.5 -5.3 307 0 9.6 83.3 7.5 2.5 2 1 3 2 2
-1347.7 6113.9 -5.5 130 0 8.6 75.1 7.5 2.5 2 1 3 0 0
-1299.0 6133.8 -6.0 34 0 76.0 6.2 7.5 2.5 4 0 3 2 2
-1334.1 6025.4 -4.8 200 0 37.4 9.6 7.5 2.5 2 0 3 2 2
-1078.1 5920.8 -12.0 290 0 8.5 97.3 7.5 2.5 2 1 3 5 5
-1062.7 5910.2 -12.4 290 0 10.0 99.2 7.5 2.5 2 1 3 4 4
-1045.3 5903.9 -12.9 290 0 10.6 99.7 10.0 0.0 0 1 4 3 3
-6267.0 908.1 -10.5 337 0 8.3 8.2 7.5 2.5 2 0 3 5 5
-6170.8 1094.4 -10.5 274 0 19.6 13.4 7.5 0.0 0 0 3 4 4
