5444.8 -5458.2 -11.1 289 0 97.1 96.4 7.5 0.0 0 0 3 0 0
1245.2 -2540.1 -7.5 182 0 39.1 190.0 12.5 0.0 0 1 5 4 4
3624.7 -5387.8 -4.3 88 0 43.2 90.3 7.5 0.0 0 1 3 2 2
319.8 -4552.3 -15.2 131 0 16.0 63.8 10.0 2.5 2 1 4 0 0
2304.6 -5625.2 -4.2 92 0 30.1 51.0 7.5 0.0 0 1 3 4 4
-992.7 -3255.6 5.5 81 0 48.1 77.3 14.0 0.0 0 1 4 0 0
-990.5 -2991.5 7.1 340 0 65.0 50.0 12.5 0.0 0 0 5 4 4
6122.7 3327.1 13.1 87 0 6.4 11.6 7.5 2.5 4 1 3 0 0
6102.5 3380.7 12.3 284 0 7.4 6.4 7.5 2.5 2 0 3 5 5
6099.5 3373.2 12.2 284 0 9.8 8.6 7.5 2.5 2 0 3 2 2
6119.1 3284.5 12.9 277 0 9.4 27.1 7.5 2.5 2 1 3 0 0
6077.2 3327.5 12.1 92 0 7.2 12.0 5.0 2.5 2 1 2 1 1
6062.6 3343.0 11.8 105 0 6.5 5.8 7.5 2.5 2 0 3 0 0
6064.4 3330.5 11.8 95 0 9.2 9.8 2.5 0.0 0 1 1 4 4
6061.0 3324.1 11.8 98 0 9.6 6.2 5.0 0.0 0 0 2 0 0
6066.4 3393.2 11.4 291 0 8.1 7.9 7.5 2.5 2 0 3 0 0
6053.0 3354.2 11.5 98 0 4.3 14.2 7.5 2.5 2 1 3 2 2
6038.4 3350.6 11.1 110 0 15.2 11.6 7.5 2.5 2 0 3 3 3
6024.1 3354.9 10.8 108 0 11.2 7.2 7.5 2.5 4 0 3 2 2
6026.9 3319.5 11.2 276 0 13.9 19.0 10.0 2.5 2 1 4 0 0
6038.4 3422.4 10.5 14 0 8.9 7.6 5.0 2.5 2 0 2 4 4
6003.7 3391.7 10.0 101 0 14.5 21.3 10.0 2.5 4 1 4 4 4
6021.1 3423.3 10.1 16 0 8.7 7.9 5.0 2.5 2 0 2 2 2
6055.6 3468.8 10.4 8 0 13.5 11.0 5.0 0.0 0 0 2 0 0
6028.6 3455.0 10.2 277 0 6.5 16.0 5.0 2.5 2 1 2 1 1
6020.8 3454.8 10.0 278 0 6.8 14.8 7.5 2.5 2 1 3 1 1
6013.7 3468.0 9.8 271 0 5.2 9.1 7.5 2.5 2 1 3 5 5
5999.8 3442.1 9.6 268 0 12.8 16.9 5.0 2.5 2 1 2 4 4
5980.5 3388.2 9.8 183 0 9.8 10.0 5.0 2.5 4 1 2 3 3
5981.8 3399.1 9.7 184 0 4.5 12.3 7.5 0.0 0 1 3 1 1
5974.2 3451.8 9.1 181 0 16.7 6.2 5.0 2.5 4 0 2 4 4
5968.3 3471.0 8.8 190 0 13.6 9.7 7.5 2.5 2 0 3 1 1
5939.5 3455.0 8.4 180 0 16.3 16.6 10.0 2.5 4 1 4 2 2
5934.9 3424.7 8.5 182 0 14.3 14.7 2.5 2.5 2 1 1 0 0
5952.1 3481.0 8.4 198 0 23.9 12.7 7.5 2.5 4 0 3 5 5
5957.9 3540.5 8.0 178 0 22.6 11.3 10.0 2.5 2 0 4 1 1
5933.9 3406.6 8.7 192 0 10.1 6.1 5.0 2.5 2 0 2 4 4
5933.1 3353.5 9.1 289 0 6.9 10.4 2.5 2.5 2 1 1 2 2
5936.4 3361.5 9.0 286 0 8.8 7.4 7.5 2.5 4 0 3 4 4
5922.4 3363.6 8.7 287 0 15.6 13.8 2.5 2.5 4 0 1 1 1
5922.6 3378.9 8.6 286 0 7.2 13.2 2.5 2.5 2 1 1 3 3
5927.4 3294.3 9.3 9 0 6.7 10.4 2.5 0.0 0 1 1 5 5
5903.4 3287.2 8.9 12 0 12.3 8.1 5.0 0.0 0 0 2 1 1
5918.1 3277.6 9.2 9 0 6.3 11.6 5.0 0.0 0 1 2 4 4
5909.8 3255.7 9.2 80 0 11.8 18.1 5.0 2.5 2 1 2 1 1
5893.5 3275.3 8.8 5 0 8.7 6.9 2.5 2.5 2 0 1 3 3
5908.3 3317.8 8.7 11 0 23.8 8.8 7.5 2.5 2 0 3 0 0
5906.3 3373.4 8.3 279 0 11.4 15.1 5.0 2.5 2 1 2 4 4
5892.9 3289.5 8.5 7 0 12.4 14.6 2.5 2.5 2 1 1 0 0
5877.2 3301.2 8.3 7 0 10.2 7.1 2.5 2.5 2 0 1 4 4
5881.2 3314.3 8.2 10 0 14.2 7.2 7.5 2.5 2 0 3 0 0
5823.3 3302.6 7.1 186 0 8.6 8.3 5.0 2.5 2 0 2 2 2
5815.4 3302.7 6.9 185 0 8.7 6.9 5.0 2.5 4 0 2 2 2
5848.9 3223.2 7.7 71 0 9.1 8.7 7.5 2.5 4 0 3 0 0
5838.2 3347.7 7.3 189 0 8.1 9.8 5.0 2.5 2 1 2 2 2
5878.7 3377.8 7.7 11 0 9.8 6.9 7.5 2.5 2 0 3 5 5
5920.5 3417.7 7.9 17 0 10.5 20.1 7.5 2.5 2 1 3 1 1
5859.9 3468.9 6.5 272 0 19.7 31.9 10.0 0.0 0 1 4 4 4
5828.7 3444.4 6.2 183 0 10.3 17.0 5.0 2.5 2 1 2 4 4
5827.4 3422.2 6.4 182 0 6.7 5.7 7.5 2.5 2 0 3 1 1
5938.0 3485.8 7.8 15 0 15.9 12.8 7.5 2.5 2 0 3 0 0
5941.9 3511.5 7.7 14 0 16.7 10.0 5.0 2.5 2 0 2 3 3
5952.7 3278.0 10.2 183 0 9.3 10.1 5.0 2.5 2 1 2 1 1
5951.1 3295.1 10.0 183 0 11.2 13.8 5.0 2.5 2 1 2 4 4
5940.0 3689.5 6.2 101 0 14.2 22.6 7.5 2.5 2 1 3 1 1
5932.1 3726.7 5.9 190 0 11.7 9.0 2.5 2.5 2 0 1 4 4
5951.9 4039.7 0.9 15 0 11.5 17.8 7.5 2.5 2 1 3 2 2
5936.5 4351.4 -1.0 355 0 7.3 8.1 7.5 2.5 2 1 3 3 3
5909.0 4348.2 -1.0 93 0 7.7 5.4 5.0 2.5 2 0 2 5 5
5878.8 3147.6 7.9 285 0 9.5 93.2 7.5 2.5 2 1 3 4 4
5891.4 3142.5 8.4 284 0 7.5 91.8 7.5 2.5 2 1 3 3 3
6046.4 3123.8 10.9 99 0 9.8 70.0 7.5 2.5 2 1 3 3 3
6030.9 3126.5 11.0 100 0 9.0 63.7 7.5 2.5 2 1 3 0 0
6016.9 3128.7 11.1 98 0 7.7 59.6 7.5 2.5 2 1 3 5 5
6112.4 3123.1 10.7 98 0 9.8 64.0 7.5 2.5 2 1 3 4 4
6137.9 3185.6 10.6 279 0 10.1 63.3 10.0 2.5 2 1 4 0 0
6154.6 3186.1 10.5 278 0 9.0 66.5 7.5 0.0 0 1 3 2 2
6170.7 3182.4 10.5 280 0 9.9 61.0 7.5 2.5 2 1 3 1 1
6187.5 3179.3 10.4 280 0 9.3 60.4 7.5 0.0 0 1 3 2 2
6221.0 3175.3 10.0 279 0 9.5 66.3 7.5 2.5 2 1 3 1 1
6235.1 3171.3 9.9 279 0 10.5 66.4 15.0 2.5 2 1 6 1 1
6251.8 3167.3 9.8 279 0 12.2 65.7 10.0 2.5 2 1 4 3 3
6285.9 3081.5 9.2 111 0 15.2 142.5 12.5 0.0 0 1 5 1 1
6360.8 3260.7 11.3 280 0 10.3 66.9 15.0 2.5 2 1 6 3 3
6304.4 3075.4 9.0 112 0 11.1 121.5 12.5 2.5 2 1 5 0 0
6321.5 3069.1 8.8 111 0 9.9 122.8 7.5 2.5 2 1 3 2 2
6378.5 3256.7 11.1 280 0 9.2 71.3 7.5 2.5 2 1 3 0 0
6355.9 3290.4 13.1 252 0 4.6 13.0 5.0 0.0 0 1 2 3 3
6060.6 2736.1 2.2 81 0 8.4 9.2 2.5 2.5 2 1 1 5 5
6458.4 2060.5 10.0 205 0 11.5 5.2 5.0 2.5 2 0 2 5 5
6438.9 2028.5 10.6 204 0 5.1 13.4 5.0 2.5 2 1 2 4 4
6421.8 2018.3 10.2 15 0 9.5 12.9 5.0 2.5 2 1 2 0 0
6404.4 2007.0 10.4 98 0 3.9 8.1 7.5 2.5 2 1 3 4 4
6393.9 2021.3 9.8 103 0 6.0 8.1 7.5 2.5 2 1 3 0 0
6392.0 2050.4 9.0 12 0 7.7 9.4 5.0 2.5 4 1 2 5 5
6390.3 2088.0 8.2 280 0 10.3 19.9 5.0 2.5 2 1 2 5 5
6369.2 2084.2 8.0 198 0 7.2 8.0 2.5 2.5 2 1 1 2 2
6379.6 2094.6 7.8 288 0 10.0 7.4 5.0 2.5 2 0 2 4 4
6381.3 2103.6 7.6 287 0 10.8 8.2 7.5 2.5 2 0 3 4 4
6389.5 2106.6 7.8 277 0 3.4 11.7 7.5 2.5 2 1 3 4 4
6389.7 2131.7 7.1 291 0 8.8 8.2 7.5 2.5 2 0 3 5 5
6380.5 2134.2 6.9 292 0 8.5 8.7 7.5 2.5 2 1 3 4 4
6410.2 2191.8 5.7 108 0 6.9 7.7 7.5 2.5 2 1 3 4 4
6336.5 2081.2 7.2 108 0 19.2 9.7 7.5 0.0 0 0 3 3 3
6344.9 2112.5 6.9 204 0 7.1 6.8 5.0 2.5 2 0 2 4 4
6341.7 2122.9 6.6 195 0 7.8 5.7 7.5 2.5 2 0 3 5 5
6352.2 2123.6 6.7 286 0 5.0 7.2 7.5 0.0 0 1 3 1 1
6360.8 2141.0 6.4 290 0 9.8 4.5 7.5 2.5 4 0 3 2 2
6397.9 1958.6 11.6 283 0 13.6 16.9 5.0 2.5 2 1 2 2 2
6392.7 1919.9 12.1 97 0 15.9 16.0 5.0 2.5 2 1 2 1 1
6347.2 1882.0 12.8 207 0 10.5 8.5 2.5 2.5 2 0 1 3 3
6348.7 1957.5 10.9 270 0 9.1 7.7 7.5 2.5 4 0 3 1 1
6355.4 1948.5 11.3 269 0 7.5 11.6 7.5 2.5 2 1 3 2 2
6379.7 1969.5 11.1 275 0 7.1 9.1 2.5 2.5 2 1 1 5 5
6369.4 1959.1 11.2 276 0 10.5 11.9 2.5 2.5 2 1 1 3 3
6357.7 1976.8 10.5 280 0 9.0 10.7 5.0 2.5 2 1 2 3 3
6346.4 1978.2 10.3 270 0 9.8 9.2 7.5 2.5 2 0 3 3 3
6328.6 1949.7 10.7 274 0 14.0 9.5 5.0 2.5 2 0 2 3 3
6360.7 1988.8 10.0 94 0 10.9 12.9 5.0 2.5 2 1 2 0 0
6324.3 1992.1 9.4 95 0 8.2 11.6 7.5 2.5 2 1 3 3 3
6321.3 1972.1 10.1 269 0 5.0 13.3 2.5 2.5 4 1 1 0 0
5892.9 3441.2 7.1 2 0 18.1 18.3 12.5 2.5 2 1 5 3 3
5907.0 3438.0 7.7 16 0 16.7 7.4 5.0 2.5 2 0 2 0 0
5957.8 3512.8 8.2 176 0 16.6 14.4 5.0 0.0 0 0 2 2 2
6333.3 1902.8 11.5 10 0 17.3 20.5 7.5 2.5 2 1 3 4 4
6310.4 1932.1 11.0 280 0 6.8 10.4 7.5 0.0 0 1 3 3 3
6308.2 1980.5 9.4 76 0 15.5 9.8 5.0 2.5 2 0 2 4 4
6294.2 1976.7 9.3 68 0 6.7 10.9 2.5 2.5 2 1 1 3 3
6294.5 1960.8 10.0 271 0 7.6 14.0 2.5 2.5 2 1 1 2 2
6230.5 1914.4 10.1 190 0 7.2 6.1 5.0 2.5 2 0 2 3 3
6076.2 1767.6 8.6 305 0 6.6 6.8 7.5 2.5 2 1 3 2 2
6056.2 1786.0 8.1 301 0 9.4 5.0 7.5 2.5 2 0 3 5 5
6009.6 1842.0 6.6 9 0 5.7 18.8 7.5 2.5 2 1 3 5 5
5959.7 1877.8 5.8 11 0 6.6 5.1 5.0 2.5 2 0 2 0 0
5929.7 1840.4 5.3 95 0 12.0 17.4 10.0 2.5 4 1 4 4 4
5920.4 1862.1 5.1 94 0 10.1 8.4 2.5 2.5 4 0 1 0 0
5909.8 1835.9 5.0 89 0 5.8 10.4 5.0 2.5 2 1 2 1 1
5903.1 1834.9 4.8 94 0 5.4 14.8 5.0 2.5 2 1 2 0 0
6014.7 1764.9 7.3 90 0 13.3 9.9 7.5 2.5 2 0 3 2 2
6004.7 1787.5 7.0 268 0 11.8 8.8 2.5 2.5 2 0 1 4 4
5974.6 1787.9 6.5 276 0 6.3 5.3 2.5 2.5 2 0 1 5 5
5951.8 1745.4 6.0 360 0 12.6 11.5 5.0 2.5 2 0 2 4 4
5953.0 1723.8 6.2 6 0 9.8 7.8 7.5 2.5 2 0 3 4 4
5944.3 1724.9 6.1 6 0 8.6 4.2 5.0 0.0 0 0 2 1 1
5957.7 1713.1 6.3 6 0 6.4 12.3 2.5 2.5 2 1 1 5 5
5929.3 1683.9 5.7 17 0 14.0 15.2 2.5 2.5 2 1 1 2 2
5891.6 1702.9 5.2 181 0 9.3 17.3 2.5 2.5 2 1 1 5 5
5932.6 1723.8 5.8 1 0 11.3 6.6 5.0 2.5 2 0 2 0 0
5935.2 1735.0 5.8 0 0 7.8 9.3 7.5 2.5 2 1 3 4 4
5952.4 1657.7 6.3 16 0 12.5 17.1 2.5 2.5 4 1 1 0 0
5928.3 1763.9 5.6 276 0 15.5 21.6 10.0 2.5 2 1 4 0 0
5894.2 1741.2 5.1 270 0 4.9 12.5 2.5 2.5 2 1 1 2 2
5878.7 1743.9 4.8 190 0 9.6 12.2 5.0 2.5 2 1 2 3 3
5883.6 1752.2 4.9 192 0 5.9 10.5 5.0 2.5 2 1 2 1 1
5887.6 1759.3 4.9 199 0 6.7 7.5 7.5 0.0 0 1 3 2 2
5915.2 1765.7 5.4 279 0 6.6 13.3 5.0 2.5 2 1 2 4 4
5900.9 1764.4 5.2 183 0 6.4 9.3 7.5 2.5 2 1 3 0 0
5929.5 1783.2 5.5 272 0 14.6 16.8 5.0 2.5 2 1 2 5 5
5891.4 1773.7 4.9 182 0 4.9 8.1 5.0 2.5 2 1 2 3 3
5931.9 1798.9 5.6 271 0 8.3 10.2 7.5 2.5 2 1 3 5 5
5929.0 1820.8 5.4 264 0 7.3 4.9 2.5 2.5 2 0 1 4 4
5892.5 1780.0 4.9 181 0 6.1 8.0 2.5 2.5 2 1 1 4 4
5905.0 1804.7 5.1 259 0 4.8 12.6 5.0 2.5 2 1 2 1 1
5891.3 1801.5 4.8 272 0 5.2 13.7 7.5 2.5 2 1 3 4 4
5882.4 1793.5 4.6 273 0 5.8 12.5 2.5 2.5 2 1 1 2 2
5870.8 1740.0 4.7 191 0 13.4 5.8 5.0 2.5 2 0 2 5 5
5879.9 1665.2 5.1 100 0 8.6 8.1 5.0 2.5 4 0 2 5 5
5908.2 1616.3 5.7 86 0 13.8 9.9 2.5 2.5 2 0 1 0 0
5892.9 1612.3 5.5 91 0 9.9 10.8 2.5 2.5 2 1 1 1 1
5862.1 1661.0 4.8 184 0 10.5 11.1 7.5 2.5 2 1 3 0 0
5850.8 1661.7 4.6 184 0 7.5 10.1 2.5 2.5 2 1 1 3 3
5858.0 1648.6 4.8 183 0 11.2 8.6 5.0 2.5 2 0 2 1 1
5847.3 1651.0 4.5 180 0 7.9 9.2 7.5 2.5 2 1 3 1 1
5865.0 1673.5 4.8 176 0 8.8 10.2 5.0 2.5 2 1 2 5 5
5854.1 1671.6 4.5 92 0 5.0 15.6 7.5 2.5 2 1 3 2 2
5831.2 1656.4 4.2 182 0 11.2 14.3 5.0 2.5 2 1 2 0 0
5833.2 1667.4 4.2 181 0 7.3 16.7 5.0 2.5 2 1 2 5 5
5824.8 1687.7 3.9 182 0 6.8 10.0 7.5 2.5 2 1 3 1 1
5814.7 1698.1 3.7 186 0 8.7 6.6 7.5 2.5 2 0 3 3 3
5812.0 1706.9 3.6 185 0 4.7 8.7 7.5 0.0 0 1 3 1 1
5864.5 1703.4 4.7 181 0 4.9 10.8 5.0 2.5 2 1 2 4 4
5864.6 1707.2 4.7 181 0 3.3 10.4 7.5 2.5 2 1 3 5 5
5880.8 1723.1 4.9 272 0 5.8 12.7 2.5 2.5 2 1 1 4 4
5856.4 1717.6 4.4 273 0 6.4 8.7 7.5 2.5 2 1 3 0 0
5854.9 1723.1 4.4 185 0 7.7 6.7 2.5 2.5 2 0 1 0 0
5862.2 1778.6 4.3 190 0 8.5 9.6 7.5 2.5 2 1 3 3 3
5864.9 1786.8 4.4 189 0 6.0 10.7 5.0 2.5 2 1 2 1 1
5851.9 1768.5 4.2 189 0 6.2 5.1 7.5 2.5 2 0 3 5 5
5852.1 1751.0 4.2 189 0 6.2 9.4 7.5 2.5 2 1 3 0 0
5841.3 1698.9 4.2 185 0 8.8 9.2 7.5 2.5 4 1 3 2 2
5845.5 1725.7 4.2 182 0 5.9 7.4 7.5 2.5 4 1 3 0 0
5874.7 1842.4 4.3 180 0 8.7 6.7 7.5 2.5 2 0 3 1 1
5870.1 1855.8 4.2 182 0 9.6 9.9 5.0 2.5 2 1 2 5 5
5861.8 1841.4 4.1 177 0 6.1 6.0 5.0 0.0 0 0 2 2 2
5873.4 1868.2 4.2 181 0 4.0 16.3 5.0 2.5 4 1 2 1 1
5954.6 1972.3 4.0 99 0 8.1 14.1 5.0 2.5 2 1 2 3 3
5950.1 2012.6 3.0 7 0 9.2 10.7 2.5 2.5 2 1 1 1 1
5916.9 2035.2 2.1 284 0 10.2 10.2 10.0 0.0 0 1 4 2 2
5917.2 2107.6 0.1 1 0 8.3 7.9 5.0 2.5 2 0 2 3 3
5875.1 1940.8 3.9 193 0 4.7 7.6 7.5 2.5 2 1 3 0 0
5865.3 1966.3 2.8 2 0 9.9 12.6 2.5 2.5 2 1 1 1 1
5865.4 1946.3 3.1 10 0 15.4 16.0 2.5 2.5 2 1 1 1 1
5859.4 1917.5 3.5 3 0 11.6 11.0 5.0 2.5 2 0 2 4 4
5844.6 1921.4 3.3 4 0 8.1 7.3 5.0 2.5 2 0 2 1 1
5847.0 1909.3 3.4 1 0 7.5 6.1 5.0 2.5 2 0 2 4 4
5804.1 1924.6 2.6 191 0 11.4 21.1 2.5 2.5 2 1 1 5 5
5847.4 1883.6 3.4 5 0 10.8 8.7 7.5 2.5 2 0 3 2 2
6852.3 -5418.5 -17.7 274 0 7.7 9.6 7.5 2.5 2 1 3 3 3
6820.9 -5284.2 -18.5 8 0 6.6 7.7 7.5 2.5 2 1 3 5 5
6892.9 -5518.5 -17.0 3 0 7.7 7.6 5.0 2.5 2 0 2 4 4
6767.1 -5266.2 -18.4 280 0 29.7 7.9 5.0 2.5 2 0 2 5 5
6758.4 -5430.4 -17.2 281 0 5.8 11.1 5.0 2.5 2 1 2 5 5
6830.7 -5320.5 -18.3 103 0 9.2 7.7 2.5 2.5 2 0 1 2 2
6840.5 -5323.4 -18.3 99 0 6.4 9.2 7.5 2.5 2 1 3 1 1
6820.1 -5444.0 -17.4 279 0 8.0 9.7 2.5 2.5 2 1 1 5 5
6830.8 -5293.8 -18.5 189 0 8.7 8.7 2.5 0.0 0 0 1 5 5
6829.0 -5446.1 -17.4 281 0 6.3 9.2 2.5 2.5 4 1 1 2 2
6778.5 -5434.5 -17.3 282 0 8.9 11.0 5.0 2.5 2 1 2 3 3
6746.0 -5455.5 -16.9 281 0 7.4 13.8 7.5 0.0 0 1 3 5 5
6816.8 -5469.3 -17.3 102 0 10.2 10.6 7.5 2.5 2 1 3 0 0
6742.4 -5355.8 -17.7 198 0 8.3 10.4 5.0 2.5 2 1 2 3 3
6799.1 -5468.6 -17.2 279 0 10.3 9.8 7.5 2.5 2 0 3 3 3
6843.7 -5481.0 -17.2 280 0 7.9 13.6 2.5 2.5 2 1 1 3 3
5663.3 -5291.0 -10.9 91 0 11.5 18.0 7.5 2.5 2 1 3 2 2
5603.3 -5204.5 -11.9 187 0 8.2 13.0 5.0 2.5 2 1 2 1 1
6188.6 -5476.7 -12.4 211 0 15.4 11.5 5.0 2.5 2 0 2 3 3
6113.5 -5361.4 -12.8 22 0 47.2 103.7 10.0 0.0 0 1 4 2 2
5679.1 -5293.4 -10.9 94 0 19.4 19.3 5.0 2.5 2 0 2 4 4
6242.6 -5501.2 -12.6 297 0 14.6 17.3 7.5 2.5 2 1 3 0 0
5970.5 -5238.8 -12.8 202 0 40.1 95.1 7.5 0.0 0 1 3 5 5
6333.4 -6068.2 -16.0 284 0 6.6 9.6 5.0 2.5 2 1 2 5 5
6434.5 -6442.4 -15.4 287 0 8.2 8.2 2.5 2.5 2 1 1 3 3
6265.0 -6112.8 -17.4 206 0 4.4 8.2 5.0 2.5 2 1 2 0 0
6231.7 -6128.0 -18.7 290 0 9.3 20.4 5.0 2.5 2 1 2 5 5
6432.8 -6176.5 -15.5 200 0 8.2 8.5 7.5 2.5 2 1 3 3 3
6292.2 -6234.4 -16.9 1 0 15.4 6.8 5.0 2.5 2 0 2 1 1
6504.7 -6154.4 -15.4 4 0 8.3 11.2 5.0 2.5 2 1 2 5 5
6221.8 -6115.4 -18.6 203 0 4.0 8.3 5.0 2.5 2 1 2 5 5
6422.2 -6276.4 -16.2 208 0 7.6 10.3 7.5 2.5 2 1 3 1 1
6302.3 -6253.2 -16.6 6 0 10.8 4.6 5.0 0.0 0 0 2 0 0
6324.3 -6099.9 -16.1 202 0 6.1 6.3 5.0 2.5 2 1 2 5 5
6194.2 -6182.8 -19.7 201 0 10.6 13.8 5.0 2.5 2 1 2 0 0
6292.2 -6285.5 -16.9 96 0 4.5 7.3 7.5 2.5 2 1 3 0 0
6493.3 -6541.4 -15.5 107 0 8.1 48.0 7.5 2.5 2 1 3 1 1
6306.8 -6113.4 -16.2 199 0 7.5 6.0 7.5 2.5 2 0 3 3 3
6287.5 -6071.9 -16.8 199 0 5.0 15.1 7.5 2.5 2 1 3 0 0
6433.0 -6357.9 -16.5 199 0 16.6 14.0 7.5 2.5 2 0 3 1 1
6317.7 -6089.9 -16.3 199 0 7.2 9.1 5.0 2.5 2 1 2 4 4
6447.9 -6058.4 -16.1 207 0 11.7 9.3 5.0 2.5 2 0 2 2 2
6422.9 -6161.0 -15.4 201 0 7.6 9.6 7.5 2.5 4 1 3 1 1
6343.6 -6156.2 -15.7 20 0 11.7 5.2 5.0 2.5 2 0 2 5 5
6314.3 -6213.5 -16.1 4 0 17.6 5.5 2.5 2.5 2 0 1 2 2
6438.4 -6243.0 -15.9 204 0 8.9 10.1 7.5 2.5 2 1 3 5 5
6299.9 -6264.7 -16.7 2 0 8.7 5.3 2.5 2.5 2 0 1 5 5
6256.6 -6218.0 -18.2 27 0 6.4 12.1 7.5 2.5 2 1 3 5 5
6298.6 -6048.8 -16.6 190 0 8.9 10.0 5.0 2.5 4 1 2 3 3
6456.5 -6044.0 -16.3 181 0 10.6 7.2 7.5 2.5 2 0 3 2 2
6479.3 -6448.9 -15.5 275 0 5.0 6.7 7.5 2.5 2 1 3 4 4
6326.8 -6194.5 -16.1 12 0 18.2 18.5 10.0 2.5 2 1 4 2 2
6446.3 -6167.4 -15.5 200 0 18.9 9.1 5.0 2.5 2 0 2 2 2
6432.2 -6192.4 -15.6 110 0 7.3 9.9 7.5 2.5 2 1 3 4 4
6382.6 -6057.0 -15.4 290 0 10.6 20.6 7.5 2.5 2 1 3 2 2
6340.9 -6520.0 -18.1 207 0 14.7 7.9 7.5 2.5 2 0 3 0 0
6232.2 -6115.3 -18.3 202 0 5.9 8.3 7.5 2.5 2 1 3 0 0
6429.7 -6315.0 -16.7 200 0 19.1 27.8 7.5 0.0 0 1 3 3 3
6312.9 -6261.6 -16.3 8 0 7.0 5.9 5.0 2.5 2 0 2 1 1
6362.7 -6110.3 -15.8 20 0 18.2 6.4 5.0 2.5 2 0 2 0 0
6504.4 -6606.4 -16.0 24 0 10.7 7.0 7.5 0.0 0 0 3 4 4
6302.5 -6108.2 -16.4 280 0 7.9 10.1 7.5 2.5 2 1 3 3 3
6280.0 -6069.7 -17.0 195 0 5.9 6.2 7.5 0.0 0 1 3 1 1
6312.9 -6139.4 -16.3 18 0 13.5 9.0 2.5 2.5 2 0 1 1 1
6404.4 -6430.0 -15.6 220 0 8.5 7.6 7.5 2.5 2 0 3 4 4
6437.4 -6079.0 -15.7 211 0 9.4 12.5 5.0 2.5 4 1 2 0 0
6319.4 -6251.2 -16.1 5 0 7.9 7.7 2.5 2.5 2 0 1 3 3
6458.3 -6324.3 -16.4 198 0 19.1 38.1 7.5 0.0 0 1 3 3 3
6326.4 -6252.9 -15.9 195 0 7.0 8.2 2.5 2.5 2 1 1 0 0
6336.8 -6154.4 -15.7 18 0 10.5 5.2 5.0 0.0 0 0 2 0 0
6221.8 -6216.8 -18.9 196 0 12.0 7.3 5.0 2.5 4 0 2 1 1
6485.3 -6449.5 -15.5 274 0 4.7 8.1 5.0 2.5 2 1 2 0 0
6289.4 -6098.3 -16.7 199 0 8.2 6.1 7.5 2.5 4 0 3 3 3
6308.7 -6206.9 -16.5 3 0 7.3 11.6 7.5 2.5 2 1 3 1 1
6306.2 -6264.4 -16.5 2 0 9.3 4.7 5.0 2.5 2 0 2 0 0
6292.1 -6045.1 -16.7 187 0 11.9 5.8 5.0 2.5 2 0 2 5 5
6221.6 -6187.9 -18.9 196 0 16.8 11.8 5.0 2.5 4 0 2 0 0
6416.6 -6178.6 -15.6 201 0 24.7 12.3 7.5 2.5 2 0 3 1 1
6262.5 -6118.1 -17.4 210 0 5.4 8.8 7.5 2.5 2 1 3 3 3
6462.3 -6450.4 -15.4 273 0 7.2 9.4 7.5 2.5 2 1 3 4 4
6423.2 -6103.0 -15.2 205 0 7.0 15.1 7.5 2.5 2 1 3 2 2
6329.4 -6153.2 -15.9 5 0 5.0 10.2 5.0 2.5 2 1 2 3 3
6309.4 -6150.9 -16.3 18 0 6.4 7.9 5.0 2.5 2 1 2 5 5
6329.3 -6180.2 -15.6 103 0 4.6 7.7 5.0 2.5 2 1 2 1 1
6261.6 -6249.3 -18.4 20 0 15.9 19.4 10.0 2.5 2 1 4 3 3
6354.6 -6513.3 -17.9 204 0 46.0 46.3 7.5 0.0 0 1 3 4 4
6413.5 -6296.1 -16.3 198 0 9.7 7.8 5.0 2.5 2 0 2 0 0
6301.5 -6241.1 -16.6 5 0 7.6 6.7 7.5 2.5 2 0 3 5 5
6313.7 -6100.8 -16.2 200 0 13.2 7.5 5.0 2.5 2 0 2 4 4
6370.8 -6189.7 -15.7 203 0 9.3 18.1 2.5 2.5 2 1 1 1 1
6323.0 -6170.9 -15.8 92 0 6.8 12.2 2.5 0.0 0 1 1 1 1
6454.7 -6444.8 -15.5 273 0 6.5 9.3 7.5 2.5 2 1 3 5 5
6254.4 -6096.0 -17.7 200 0 7.0 11.7 2.5 2.5 2 1 1 2 2
6287.9 -6114.3 -16.7 202 0 5.1 6.5 5.0 2.5 2 1 2 0 0
6306.4 -6073.9 -16.5 195 0 15.1 11.9 7.5 2.5 2 0 3 4 4
6327.8 -6244.0 -15.8 197 0 7.0 18.4 2.5 2.5 2 1 1 0 0
6335.4 -6571.3 -17.9 203 0 4.9 9.7 2.5 2.5 2 1 1 1 1
6324.5 -6263.1 -16.0 188 0 9.5 8.7 7.5 2.5 4 0 3 2 2
6463.8 -6241.0 -16.2 289 0 8.9 4.8 7.5 2.5 2 0 3 2 2
6349.6 -6254.9 -15.5 290 0 6.9 6.6 2.5 0.0 0 0 1 1 1
6192.0 -6143.1 -19.7 204 0 9.0 9.4 5.0 2.5 4 1 2 2 2
6321.7 -6217.3 -15.9 3 0 14.0 6.8 5.0 2.5 2 0 2 3 3
6320.2 -6245.0 -16.4 8 0 4.0 17.4 2.5 2.5 2 1 1 1 1
6716.5 -6659.1 -14.1 192 0 12.3 28.1 7.5 0.0 0 1 3 5 5
6819.8 -6739.2 -13.1 15 0 10.2 11.3 5.0 2.5 4 1 2 0 0
6658.6 -6670.3 -14.3 270 0 13.3 7.4 5.0 2.5 2 0 2 3 3
6736.4 -6738.3 -13.0 100 0 7.6 11.6 7.5 2.5 2 1 3 3 3
6902.2 -6533.5 -12.3 285 0 8.1 9.9 7.5 2.5 2 1 3 1 1
6539.3 -6516.2 -14.9 291 0 5.8 9.2 2.5 2.5 2 1 1 2 2
6648.1 -6622.9 -13.8 19 0 5.9 11.5 5.0 0.0 0 1 2 4 4
6770.5 -6607.1 -14.2 298 0 3.6 10.3 2.5 2.5 2 1 1 0 0
6568.5 -6661.1 -15.0 107 0 8.1 15.3 7.5 2.5 2 1 3 1 1
6748.8 -6659.8 -14.2 282 0 3.4 12.6 7.5 2.5 2 1 3 1 1
6819.9 -6723.0 -13.5 24 0 9.4 4.4 5.0 2.5 2 0 2 5 5
6774.1 -6620.9 -14.2 289 0 4.8 9.0 7.5 2.5 2 1 3 1 1
6803.3 -6647.4 -14.2 285 0 9.9 12.9 7.5 2.5 2 1 3 2 2
6606.5 -6661.1 -14.7 108 0 7.9 10.7 5.0 2.5 2 1 2 5 5
6793.3 -6499.4 -13.3 288 0 5.0 9.9 5.0 2.5 2 1 2 5 5
6614.4 -6665.8 -14.6 106 0 6.9 11.3 7.5 2.5 2 1 3 3 3
6828.0 -6681.4 -14.3 26 0 9.9 25.9 7.5 2.5 2 1 3 0 0
6807.3 -6727.5 -13.3 15 0 15.3 15.4 7.5 2.5 2 1 3 3 3
6816.7 -6662.4 -14.2 15 0 9.7 9.3 5.0 2.5 2 0 2 0 0
6810.7 -6505.2 -13.1 287 0 4.4 9.0 7.5 0.0 0 1 3 1 1
6724.7 -6630.2 -14.4 186 0 8.2 16.9 2.5 2.5 2 1 1 4 4
6604.3 -6616.8 -14.5 194 0 6.3 7.2 2.5 2.5 2 1 1 4 4
6606.1 -6608.7 -14.2 195 0 7.9 8.8 5.0 0.0 0 1 2 2 2
6726.2 -6735.6 -13.2 107 0 7.8 18.1 7.5 2.5 2 1 3 4 4
6615.5 -6731.2 -14.3 187 0 15.6 8.6 2.5 2.5 4 0 1 1 1
6711.7 -6743.2 -13.2 104 0 8.3 25.0 5.0 2.5 2 1 2 1 1
6830.9 -6664.3 -14.1 19 0 18.4 12.4 5.0 2.5 2 0 2 4 4
6651.5 -6615.7 -14.1 21 0 7.3 10.9 2.5 2.5 2 1 1 2 2
6840.9 -6517.9 -12.9 288 0 9.2 4.1 7.5 2.5 2 0 3 0 0
6777.8 -6497.2 -13.4 285 0 5.0 8.0 7.5 2.5 2 1 3 0 0
6609.8 -6598.4 -14.1 197 0 12.3 7.2 5.0 2.5 2 0 2 5 5
6694.1 -6758.3 -13.3 106 0 5.9 15.4 5.0 2.5 2 1 2 0 0
6591.8 -6490.8 -15.3 292 0 15.0 15.7 5.0 2.5 2 1 2 3 3
6845.0 -6691.0 -14.2 30 0 8.1 16.3 7.5 2.5 2 1 3 4 4
6726.9 -6645.5 -14.5 187 0 11.3 18.2 7.5 2.5 2 1 3 4 4
6603.0 -6587.8 -14.6 199 0 27.4 8.2 2.5 2.5 2 0 1 0 0
6632.1 -6614.4 -13.9 13 0 7.1 4.9 5.0 2.5 2 0 2 4 4
6725.7 -6617.6 -14.4 188 0 11.8 26.8 7.5 2.5 2 1 3 5 5
6668.7 -6766.6 -13.6 96 0 7.6 14.0 7.5 2.5 2 1 3 1 1
6733.9 -6690.6 -13.4 193 0 19.5 8.6 7.5 2.5 2 0 3 5 5
6147.5 -6338.2 -20.5 198 0 15.4 13.9 2.5 2.5 2 0 1 2 2
6219.2 -6634.2 -19.7 16 0 9.4 6.8 5.0 2.5 4 0 2 2 2
6201.8 -6211.8 -19.6 203 0 9.9 7.6 2.5 2.5 2 0 1 0 0
6144.3 -6552.1 -19.9 14 0 8.2 20.4 5.0 2.5 2 1 2 1 1
6282.4 -6500.7 -18.1 35 0 6.8 8.7 7.5 2.5 2 1 3 0 0
6266.8 -6550.2 -18.5 103 0 6.6 6.7 5.0 2.5 2 1 2 5 5
6048.1 -6679.4 -21.4 280 0 6.8 11.9 5.0 2.5 2 1 2 1 1
6188.6 -6595.1 -19.5 281 0 7.7 12.4 2.5 2.5 2 1 1 0 0
6331.7 -6466.6 -18.3 32 0 10.2 6.2 5.0 2.5 2 0 2 3 3
6137.8 -6710.6 -20.8 9 0 8.5 15.3 7.5 2.5 2 1 3 0 0
6298.2 -6446.2 -17.6 26 0 7.0 12.9 5.0 2.5 2 1 2 4 4
6179.8 -6747.4 -20.0 8 0 8.2 10.8 7.5 2.5 2 1 3 0 0
6224.3 -6284.4 -19.1 109 0 6.0 15.3 5.0 2.5 2 1 2 3 3
6383.5 -6421.1 -16.5 19 0 32.0 19.0 10.0 0.0 0 0 4 4 4
6324.4 -6462.8 -18.1 35 0 8.1 5.1 2.5 2.5 2 0 1 0 0
6169.8 -6175.5 -20.3 197 0 8.4 14.4 5.0 2.5 4 1 2 1 1
6383.0 -6311.5 -15.9 9 0 24.2 32.8 7.5 0.0 0 1 3 5 5
6158.9 -6198.9 -20.5 202 0 8.9 12.1 2.5 2.5 2 1 1 0 0
6249.5 -6514.4 -18.8 117 0 7.5 17.2 7.5 2.5 2 1 3 4 4
6350.7 -6381.9 -17.3 14 0 7.0 22.5 2.5 2.5 2 1 1 4 4
6190.6 -6729.1 -20.3 7 0 10.7 4.8 7.5 2.5 2 0 3 0 0
6228.7 -6315.3 -19.2 8 0 10.1 6.5 2.5 2.5 2 0 1 0 0
6320.3 -6315.7 -16.6 274 0 6.8 9.9 7.5 2.5 2 1 3 5 5
6223.0 -6323.6 -19.5 287 0 6.6 33.2 2.5 2.5 2 1 1 3 3
6156.4 -6548.7 -19.8 15 0 17.6 9.4 2.5 2.5 2 0 1 4 4
6206.6 -6417.2 -19.7 109 0 5.0 8.0 7.5 2.5 2 1 3 5 5
6222.8 -6263.1 -19.6 19 0 5.8 18.1 5.0 2.5 2 1 2 3 3
6321.8 -6445.4 -17.9 28 0 16.6 14.2 7.5 0.0 0 0 3 2 2
6286.4 -6465.3 -17.9 33 0 5.5 10.7 5.0 2.5 2 1 2 5 5
6167.5 -6604.2 -19.6 191 0 9.7 9.1 5.0 2.5 2 0 2 4 4
6222.5 -6579.6 -19.3 100 0 4.4 7.9 2.5 2.5 4 1 1 3 3
6134.8 -6534.0 -19.9 284 0 10.3 9.7 7.5 2.5 2 0 3 3 3
6238.9 -6364.0 -19.1 288 0 13.3 9.9 7.5 2.5 2 0 3 5 5
6171.5 -6203.1 -20.3 196 0 7.3 11.6 7.5 2.5 2 1 3 1 1
6269.6 -6516.2 -18.5 33 0 10.1 6.7 2.5 0.0 0 0 1 5 5
6180.4 -6740.0 -20.2 5 0 4.1 17.2 5.0 2.5 2 1 2 3 3
6278.8 -6337.5 -17.4 188 0 8.0 10.1 2.5 2.5 4 1 1 4 4
6281.1 -6358.2 -17.6 282 0 9.8 9.0 5.0 2.5 2 0 2 2 2
6230.3 -6287.9 -18.9 110 0 4.9 16.6 5.0 2.5 2 1 2 2 2
6266.4 -6319.7 -17.9 109 0 10.2 8.0 2.5 2.5 2 0 1 5 5
6236.5 -6514.4 -19.2 110 0 14.2 17.9 10.0 2.5 2 1 4 3 3
6253.7 -6348.3 -18.4 277 0 7.7 9.7 2.5 2.5 4 1 1 3 3
6185.1 -6180.7 -20.0 203 0 9.5 6.5 5.0 2.5 2 0 2 1 1
6216.6 -6305.5 -19.4 110 0 6.4 19.5 5.0 0.0 0 1 2 3 3
6271.9 -6253.1 -17.7 25 0 9.3 7.9 7.5 2.5 2 0 3 4 4
6294.4 -6344.4 -17.1 278 0 5.5 10.8 7.5 2.5 2 1 3 2 2
6172.9 -6556.5 -19.6 195 0 19.1 10.5 5.0 2.5 2 0 2 1 1
6250.5 -6433.7 -18.7 200 0 9.0 6.6 7.5 2.5 2 0 3 1 1
6223.9 -6308.6 -19.2 109 0 5.9 19.6 7.5 0.0 0 1 3 2 2
6206.9 -6651.2 -20.0 14 0 8.7 5.2 7.5 2.5 2 0 3 5 5
6124.7 -6363.0 -20.6 195 0 14.6 24.7 5.0 2.5 2 1 2 5 5
6156.8 -6210.2 -20.5 198 0 7.3 11.2 2.5 0.0 0 1 1 1 1
6286.8 -6494.8 -18.0 37 0 6.0 9.4 5.0 2.5 2 1 2 3 3
6366.0 -6386.1 -16.4 22 0 9.9 12.0 5.0 2.5 2 1 2 2 2
6385.3 -6394.9 -15.8 93 0 6.7 13.2 5.0 0.0 0 1 2 1 1
6144.8 -6275.0 -20.7 200 0 15.6 23.5 7.5 2.5 2 1 3 2 2
6336.2 -6470.5 -18.4 30 0 10.3 4.9 5.0 2.5 2 0 2 5 5
6270.8 -6363.7 -18.0 295 0 5.6 10.1 2.5 2.5 2 1 1 0 0
6395.4 -6376.6 -16.1 15 0 7.0 8.2 5.0 0.0 0 1 2 3 3
6260.0 -6329.1 -18.2 296 0 10.5 5.4 7.5 2.5 4 0 3 2 2
6226.4 -6371.6 -19.3 284 0 4.8 10.2 2.5 0.0 0 1 1 1 1
6301.9 -6439.1 -17.6 31 0 6.8 11.8 5.0 2.5 2 1 2 0 0
6276.3 -6482.3 -18.2 25 0 4.6 8.4 5.0 2.5 2 1 2 3 3
6132.3 -6337.0 -20.6 196 0 19.6 9.9 7.5 2.5 2 0 3 3 3
6144.6 -6537.3 -19.8 287 0 7.2 9.8 2.5 2.5 2 1 1 5 5
6218.0 -6307.9 -19.7 289 0 7.1 43.2 7.5 2.5 2 1 3 4 4
6277.5 -6307.2 -17.7 23 0 9.3 8.8 5.0 2.5 2 0 2 1 1
6277.2 -6288.5 -17.5 108 0 14.2 11.2 5.0 2.5 2 0 2 3 3
6159.4 -6744.9 -20.2 186 0 8.1 5.6 7.5 0.0 0 0 3 1 1
6367.8 -6327.6 -16.0 289 0 8.7 30.0 7.5 2.5 4 1 3 5 5
6168.5 -6221.3 -20.3 194 0 15.7 8.8 7.5 2.5 2 0 3 2 2
6094.8 -6691.2 -21.1 280 0 21.9 34.6 10.0 0.0 0 1 4 1 1
6316.3 -6383.5 -17.3 281 0 7.6 8.8 5.0 2.5 2 1 2 3 3
6193.9 -6230.9 -19.8 186 0 12.7 6.2 2.5 2.5 4 0 1 3 3
6257.2 -6517.0 -18.7 116 0 5.8 19.1 7.5 2.5 2 1 3 3 3
6160.3 -6617.2 -20.2 14 0 37.5 73.4 10.0 0.0 0 1 4 3 3
6262.5 -6359.6 -18.2 287 0 7.3 9.6 5.0 2.5 2 1 2 5 5
6241.3 -6379.9 -19.0 286 0 8.1 8.6 2.5 2.5 2 1 1 3 3
6219.9 -6496.1 -19.4 201 0 23.2 7.6 5.0 0.0 0 0 2 3 3
6281.6 -6261.1 -17.4 27 0 7.0 9.8 7.5 2.5 4 1 3 3 3
6327.1 -6313.6 -16.6 183 0 10.4 8.6 5.0 2.5 2 0 2 3 3
6252.9 -6674.7 -18.9 290 0 32.3 5.0 7.5 2.5 2 0 3 2 2
6333.6 -6302.8 -16.5 185 0 14.5 12.6 10.0 2.5 2 0 4 2 2
5699.8 -4962.3 -15.9 7 0 24.9 10.6 10.0 2.5 2 0 4 2 2
5408.5 -5218.2 -11.6 101 0 12.7 21.3 10.0 2.5 2 1 4 5 5
5573.5 -5037.7 -14.4 91 0 8.2 5.7 5.0 0.0 0 0 2 3 3
5422.3 -5221.7 -11.5 104 0 13.3 20.9 10.0 2.5 2 1 4 1 1
5536.8 -5012.4 -14.7 7 0 9.6 23.3 7.5 2.5 2 1 3 5 5
6593.4 -6197.8 -15.3 279 0 11.0 16.7 10.0 0.0 0 1 4 4 4
6851.4 -6378.3 -12.7 199 0 13.0 24.0 10.0 2.5 4 1 4 1 1
6754.7 -6437.4 -13.7 288 0 8.2 13.0 7.5 2.5 2 1 3 1 1
6893.4 -6464.6 -12.4 102 0 4.9 9.0 5.0 0.0 0 1 2 1 1
6800.7 -6431.6 -13.2 197 0 8.7 17.3 2.5 2.5 2 1 1 5 5
6738.4 -6452.2 -13.8 108 0 9.8 17.9 7.5 2.5 2 1 3 1 1
6910.7 -6390.9 -12.8 9 0 11.7 9.0 5.0 2.5 2 0 2 4 4
6597.6 -6651.9 -14.9 108 0 8.0 8.1 5.0 2.5 2 1 2 1 1
6629.7 -6245.0 -14.9 98 0 6.3 13.0 7.5 2.5 4 1 3 5 5
6592.7 -6028.4 -15.0 190 0 24.3 8.3 7.5 2.5 2 0 3 5 5
6575.5 -6063.9 -15.1 189 0 6.7 6.6 7.5 2.5 4 0 3 4 4
6827.3 -6416.7 -13.0 204 0 12.6 7.3 5.0 2.5 2 0 2 2 2
6914.6 -6727.1 -13.0 27 0 19.2 7.2 2.5 2.5 2 0 1 3 3
6611.4 -6675.0 -14.5 107 0 7.4 8.0 5.0 2.5 2 1 2 4 4
6660.0 -6207.1 -14.7 284 0 9.7 14.3 2.5 2.5 2 1 1 3 3
6898.8 -6371.6 -12.7 15 0 9.7 6.0 7.5 2.5 2 0 3 2 2
6562.9 -6447.4 -15.1 94 0 9.0 13.8 7.5 2.5 2 1 3 5 5
6548.5 -6170.8 -15.7 287 0 10.5 7.1 7.5 2.5 2 0 3 2 2
6669.0 -6224.1 -14.6 281 0 7.8 8.4 5.0 2.5 2 1 2 1 1
6892.4 -6396.3 -12.5 19 0 4.1 8.9 5.0 2.5 2 1 2 3 3
6608.8 -6223.0 -15.1 278 0 9.8 13.9 2.5 0.0 0 1 1 1 1
6753.2 -6430.6 -13.7 107 0 14.7 13.2 10.0 2.5 2 0 4 3 3
6712.8 -6421.8 -14.1 289 0 8.5 7.1 5.0 2.5 2 0 2 0 0
6646.7 -6219.7 -14.8 280 0 12.0 8.8 5.0 2.5 2 0 2 4 4
6553.2 -6425.8 -15.3 101 0 7.1 5.5 7.5 0.0 0 0 3 5 5
6895.3 -6385.1 -12.6 17 0 12.0 8.5 2.5 2.5 2 0 1 3 3
6845.4 -6496.6 -12.8 103 0 9.0 10.6 7.5 2.5 4 1 3 2 2
6784.8 -6462.2 -13.4 102 0 4.5 7.0 7.5 2.5 2 1 3 4 4
6803.9 -6387.3 -13.3 291 0 11.9 16.0 5.0 2.5 2 1 2 3 3
6911.9 -6751.5 -13.1 20 0 15.7 11.4 7.5 2.5 2 0 3 0 0
6852.4 -6467.6 -12.8 285 0 10.5 6.9 2.5 2.5 2 0 1 1 1
6578.6 -6024.6 -14.9 192 0 11.2 12.4 7.5 2.5 2 1 3 1 1
6767.4 -6441.3 -13.6 284 0 5.2 8.1 7.5 2.5 2 1 3 2 2
6716.1 -6468.5 -14.0 104 0 4.8 7.4 5.0 2.5 2 1 2 4 4
6816.0 -6465.1 -13.1 285 0 10.2 6.6 5.0 2.5 2 0 2 1 1
6856.0 -6362.3 -12.6 198 0 16.5 24.9 10.0 2.5 2 1 4 5 5
6834.1 -6397.2 -12.9 203 0 13.1 7.7 5.0 2.5 2 0 2 3 3
6627.8 -6631.6 -14.4 19 0 8.5 7.8 2.5 2.5 2 0 1 4 4
6577.2 -6149.1 -15.5 15 0 6.9 9.7 5.0 2.5 2 1 2 3 3
6843.0 -6433.0 -12.9 110 0 20.8 26.3 12.5 2.5 2 1 5 1 1
6614.2 -6011.8 -15.0 282 0 13.3 13.9 5.0 2.5 2 1 2 3 3
6560.7 -6410.0 -15.5 9 0 8.4 26.0 7.5 0.0 0 1 3 0 0
6813.2 -6364.1 -13.2 290 0 6.4 6.6 5.0 2.5 2 1 2 5 5
6575.3 -6204.1 -15.4 185 0 16.7 10.2 2.5 2.5 2 0 1 1 1
6573.4 -6167.9 -15.6 13 0 8.5 14.6 7.5 2.5 2 1 3 3 3
6760.7 -6387.0 -13.6 199 0 7.9 13.2 7.5 2.5 2 1 3 4 4
6766.2 -6370.7 -13.6 204 0 9.3 12.6 2.5 2.5 2 1 1 5 5
6774.0 -6460.9 -13.5 101 0 4.3 8.2 5.0 2.5 2 1 2 1 1
6606.5 -6270.7 -15.1 100 0 8.6 20.9 5.0 2.5 2 1 2 2 2
5563.7 -5119.2 -13.1 190 0 7.8 5.1 5.0 2.5 2 0 2 5 5
5592.9 -5121.2 -13.1 276 0 6.4 14.4 7.5 2.5 4 1 3 5 5
6726.5 -6290.0 -14.2 18 0 20.4 19.7 7.5 2.5 2 0 3 4 4
6689.8 -6178.5 -14.4 282 0 11.7 14.5 2.5 2.5 2 1 1 1 1
6640.3 -6248.3 -14.8 101 0 11.0 18.8 2.5 2.5 2 1 1 5 5
6881.6 -5443.3 -17.5 92 0 5.9 6.2 5.0 2.5 2 1 2 3 3
6870.6 -5447.2 -17.5 97 0 10.4 11.1 7.5 0.0 0 1 3 4 4
6887.4 -5485.2 -17.2 271 0 5.9 10.7 7.5 2.5 2 1 3 1 1
6888.3 -5479.6 -17.3 92 0 10.6 7.4 7.5 2.5 2 0 3 1 1
6897.2 -5486.3 -17.2 271 0 8.8 10.9 2.5 2.5 2 1 1 3 3
6386.3 -5866.0 -14.2 301 0 10.0 6.8 2.5 2.5 2 0 1 2 2
4477.0 -6542.6 -9.0 13 0 17.5 11.8 7.5 2.5 2 0 3 3 3
6365.6 -6020.2 -17.1 99 0 6.4 6.6 5.0 2.5 2 1 2 1 1
6307.4 -5888.0 -16.2 304 0 33.9 11.1 7.5 2.5 2 0 3 5 5
6439.4 -5867.9 -14.0 297 0 5.3 25.2 5.0 2.5 2 1 2 1 1
6412.7 -5966.3 -15.9 206 0 7.4 9.9 5.0 2.5 2 1 2 3 3
6376.0 -5987.0 -17.6 291 0 8.1 10.9 7.5 2.5 2 1 3 2 2
6231.4 -5986.9 -19.6 122 0 7.4 11.9 5.0 2.5 2 1 2 4 4
6178.2 -5965.5 -20.5 217 0 6.8 6.4 7.5 0.0 0 0 3 4 4
6359.9 -5954.7 -16.9 304 0 11.9 9.4 7.5 2.5 2 0 3 4 4
6383.0 -5965.2 -16.6 304 0 7.4 6.6 5.0 2.5 2 0 2 5 5
6376.1 -6020.4 -17.5 101 0 4.8 12.6 7.5 2.5 2 1 3 5 5
6400.5 -6015.5 -17.3 93 0 13.1 8.4 2.5 2.5 2 0 1 0 0
6462.5 -5903.1 -14.0 24 0 13.2 8.3 5.0 2.5 2 0 2 5 5
6460.6 -5968.7 -15.7 357 0 21.0 15.4 10.0 2.5 2 0 4 0 0
6071.0 -5908.2 -21.8 123 0 8.7 16.6 2.5 2.5 2 1 1 0 0
6368.2 -5976.5 -17.7 289 0 8.2 16.6 5.0 2.5 2 1 2 0 0
6428.8 -5995.3 -16.7 296 0 8.0 12.5 7.5 2.5 2 1 3 0 0
6037.4 -5885.3 -21.9 122 0 3.9 7.8 7.5 2.5 2 1 3 0 0
6419.5 -5856.6 -14.0 296 0 17.9 24.2 10.0 2.5 2 1 4 0 0
6223.9 -5998.0 -19.6 123 0 6.8 12.1 5.0 2.5 2 1 2 2 2
6195.5 -5980.1 -20.2 127 0 10.3 29.3 10.0 2.5 2 1 4 0 0
6424.4 -5978.9 -16.0 114 0 7.0 21.5 2.5 2.5 2 1 1 2 2
6485.8 -5873.8 -14.0 18 0 8.1 8.5 5.0 2.5 2 1 2 2 2
6372.1 -5963.7 -16.8 303 0 9.9 5.0 2.5 2.5 4 0 1 1 1
6455.8 -5891.9 -13.8 25 0 14.9 5.5 5.0 2.5 2 0 2 5 5
6385.2 -6019.0 -17.3 98 0 6.4 8.6 7.5 2.5 2 1 3 1 1
6268.2 -5891.6 -17.2 303 0 4.7 11.1 7.5 2.5 4 1 3 1 1
5909.3 -5817.2 -22.5 120 0 6.0 6.1 5.0 2.5 2 1 2 2 2
6317.9 -6017.9 -17.6 110 0 7.4 6.7 7.5 2.5 2 0 3 0 0
6280.1 -6014.5 -18.6 115 0 10.2 12.2 5.0 2.5 2 1 2 2 2
4394.8 -6354.4 -10.4 126 0 5.5 7.6 7.5 2.5 2 1 3 4 4
6444.0 -5993.7 -16.1 176 0 5.5 6.2 5.0 2.5 2 1 2 2 2
6313.0 -5921.9 -17.1 305 0 8.7 12.5 7.5 2.5 2 1 3 4 4
6346.2 -6008.8 -18.0 110 0 9.0 12.1 7.5 2.5 2 1 3 3 3
6441.1 -5891.3 -14.0 28 0 12.2 6.5 2.5 2.5 2 0 1 3 3
6354.3 -5965.8 -17.5 306 0 12.6 12.5 7.5 2.5 2 0 3 2 2
6467.9 -5891.1 -13.9 23 0 9.5 8.2 7.5 2.5 2 0 3 5 5
6100.5 -5901.2 -21.4 302 0 26.7 10.3 7.5 2.5 2 0 3 1 1
6368.6 -5969.3 -17.0 298 0 9.7 5.0 2.5 2.5 4 0 1 2 2
4547.2 -6506.3 -10.6 104 0 3.9 8.1 5.0 2.5 2 1 2 2 2
6429.4 -6015.5 -16.7 93 0 7.3 5.0 2.5 2.5 2 0 1 0 0
6241.7 -5991.1 -19.4 122 0 7.6 33.5 7.5 2.5 2 1 3 4 4
6717.7 -6061.8 -14.3 5 0 16.2 25.2 7.5 2.5 2 1 3 1 1
6637.4 -6277.3 -14.8 100 0 11.1 20.6 7.5 2.5 2 1 3 1 1
6751.0 -6078.1 -13.8 18 0 33.1 12.8 10.0 2.5 4 0 4 1 1
6868.0 -6470.1 -12.6 286 0 6.5 6.7 2.5 2.5 2 1 1 3 3
6688.1 -6003.8 -14.5 277 0 24.2 27.4 7.5 0.0 0 1 3 0 0
6866.9 -6512.9 -12.6 104 0 9.8 9.3 2.5 2.5 2 0 1 4 4
6716.0 -6005.1 -14.1 276 0 24.6 21.7 10.0 2.5 4 0 4 4 4
6860.0 -6448.0 -12.7 111 0 10.1 9.4 5.0 2.5 2 0 2 3 3
6712.9 -6086.7 -14.4 6 0 25.0 23.7 10.0 2.5 2 0 4 1 1
6855.2 -6460.4 -12.8 110 0 9.5 11.6 2.5 2.5 2 1 1 4 4
6885.8 -6525.9 -12.5 292 0 7.4 10.2 7.5 0.0 0 1 3 4 4
6875.1 -6463.9 -12.5 111 0 8.5 11.3 2.5 2.5 2 1 1 5 5
6866.4 -6462.5 -12.6 107 0 5.1 10.6 5.0 2.5 2 1 2 3 3
6722.6 -6040.2 -14.2 9 0 18.6 23.2 10.0 2.5 2 1 4 5 5
6865.8 -6518.5 -12.6 287 0 8.1 11.2 5.0 2.5 4 1 2 2 2
6881.0 -6506.3 -12.5 108 0 11.1 9.3 5.0 2.5 2 0 2 5 5
6876.1 -6523.0 -12.5 288 0 6.9 9.1 5.0 2.5 2 1 2 1 1
6795.2 -6192.3 -13.1 200 0 11.5 12.3 10.0 2.5 2 1 4 0 0
6526.1 -6288.9 -15.9 274 0 10.9 12.4 2.5 2.5 4 1 1 5 5
6661.0 -6076.7 -14.6 188 0 29.7 24.6 10.0 0.0 0 0 4 1 1
6749.9 -6180.9 -13.8 107 0 15.9 19.2 10.0 2.5 2 1 4 3 3
6837.9 -5362.9 -18.0 192 0 8.2 10.6 5.0 2.5 2 1 2 0 0
4813.7 -4783.7 -11.2 111 0 15.9 15.1 7.5 0.0 0 0 3 0 0
4693.2 -4723.0 -9.3 6 0 15.0 19.9 10.0 2.5 2 1 4 1 1
4863.1 -5007.0 -10.2 101 0 22.8 13.2 10.0 2.5 2 0 4 3 3
4934.5 -5067.2 -10.1 109 0 10.9 15.7 5.0 0.0 0 1 2 3 3
4867.9 -4788.9 -12.1 293 0 22.2 13.1 10.0 2.5 2 0 4 3 3
4808.2 -4995.4 -9.2 100 0 13.6 14.2 7.5 2.5 2 1 3 3 3
4821.1 -4802.7 -10.8 290 0 23.3 15.8 10.0 2.5 2 0 4 1 1
4667.3 -4699.9 -9.7 92 0 10.6 22.9 10.0 0.0 0 1 4 0 0
4977.9 -5092.2 -10.4 109 0 10.9 19.4 10.0 0.0 0 1 4 4 4
4641.4 -4710.8 -9.0 279 0 19.7 14.7 10.0 2.5 2 0 4 5 5
4838.4 -5000.9 -9.7 101 0 23.0 12.1 7.5 2.5 2 0 3 2 2
4955.1 -5081.1 -10.4 109 0 10.9 18.0 7.5 0.0 0 1 3 3 3
4800.5 -4794.0 -10.3 290 0 13.9 17.1 10.0 0.0 0 1 4 4 4
4846.6 -4780.7 -11.6 293 0 22.9 12.3 10.0 2.5 2 0 4 4 4
4844.7 -4969.7 -10.0 281 0 23.0 16.4 10.0 2.5 2 0 4 1 1
4757.1 -4857.2 -9.0 107 0 21.1 13.2 7.5 2.5 2 0 3 3 3
5027.8 -4912.9 -12.7 299 0 12.0 5.9 2.5 2.5 2 0 1 0 0
4795.4 -4914.5 -9.5 114 0 22.1 12.7 7.5 2.5 2 0 3 3 3
4872.4 -4686.7 -12.8 23 0 7.4 8.8 7.5 2.5 4 1 3 5 5
5083.1 -4951.0 -12.5 310 0 15.1 15.1 7.5 2.5 2 0 3 4 4
6036.2 -5768.2 -19.0 31 0 20.1 43.6 10.0 2.5 2 1 4 2 2
5865.6 -5758.6 -21.5 226 0 7.1 12.0 5.0 2.5 2 1 2 2 2
4867.1 -4697.4 -12.6 26 0 11.5 9.6 2.5 2.5 2 0 1 0 0
5909.8 -5718.4 -21.2 213 0 42.3 85.5 10.0 0.0 0 1 4 2 2
4771.1 -4905.6 -8.9 111 0 22.7 11.1 10.0 2.5 4 0 4 0 0
4846.8 -4679.0 -12.2 298 0 7.0 16.2 7.5 2.5 2 1 3 1 1
4780.7 -4867.5 -9.7 112 0 14.0 15.5 10.0 0.0 0 1 4 1 1
4889.8 -4929.3 -11.3 116 0 18.6 15.9 10.0 0.0 0 0 4 4 4
4916.7 -4952.4 -11.1 295 0 11.1 23.2 10.0 0.0 0 1 4 2 2
4759.9 -4814.3 -9.5 111 0 22.5 13.8 7.5 2.5 2 0 3 5 5
4927.9 -4949.9 -11.4 121 0 18.4 16.2 10.0 0.0 0 0 4 3 3
4865.5 -4915.8 -11.1 119 0 19.6 14.7 10.0 2.5 2 0 4 1 1
4958.8 -4967.0 -11.5 119 0 10.5 17.2 10.0 0.0 0 1 4 0 0
4904.8 -4935.8 -11.4 122 0 18.3 14.9 7.5 2.5 2 0 3 5 5
4812.3 -4877.3 -10.2 114 0 24.1 13.6 7.5 2.5 2 0 3 1 1
4842.1 -4906.2 -10.7 114 0 10.1 16.9 10.0 0.0 0 1 4 5 5
4784.8 -4822.1 -10.0 113 0 24.2 12.9 10.0 2.5 2 0 4 2 2
4944.4 -4956.8 -11.4 123 0 19.3 15.1 10.0 2.5 2 0 4 2 2
4662.8 -4713.8 -9.1 275 0 18.4 13.4 7.5 2.5 2 0 3 5 5
6613.7 -6586.2 -14.5 198 0 9.7 7.5 7.5 2.5 2 0 3 0 0
6618.8 -6608.6 -13.9 197 0 10.1 7.9 7.5 2.5 2 0 3 2 2
6642.6 -6588.4 -14.7 23 0 5.0 7.1 5.0 0.0 0 1 2 4 4
6636.4 -6576.2 -14.7 19 0 11.3 8.4 7.5 2.5 2 0 3 3 3
6624.9 -6587.9 -14.7 200 0 14.6 8.3 5.0 2.5 2 0 2 0 0
6644.3 -6555.8 -14.6 19 0 7.6 5.0 2.5 2.5 2 0 1 4 4
6630.4 -6538.2 -14.7 291 0 7.5 6.5 5.0 2.5 2 0 2 4 4
6592.8 -6567.0 -14.8 112 0 8.1 10.7 5.0 2.5 4 1 2 3 3
6600.0 -6525.0 -14.8 292 0 8.1 11.5 7.5 2.5 2 1 3 1 1
6604.7 -6513.0 -15.0 292 0 8.6 4.5 5.0 2.5 2 0 2 2 2
6617.4 -6479.7 -15.0 286 0 9.4 10.8 7.5 2.5 2 1 3 2 2
6608.7 -6503.4 -15.2 293 0 7.6 5.8 2.5 2.5 2 0 1 1 1
6621.5 -6498.2 -15.1 294 0 9.2 5.8 5.0 2.5 2 0 2 4 4
6618.0 -6504.7 -15.1 291 0 9.0 9.2 5.0 2.5 2 1 2 2 2
6647.9 -6476.3 -14.4 195 0 6.6 9.4 5.0 2.5 2 1 2 4 4
6672.5 -6493.2 -14.5 288 0 8.9 11.9 7.5 0.0 0 1 3 0 0
6684.2 -6496.9 -14.4 290 0 4.5 11.0 5.0 2.5 2 1 2 3 3
6685.0 -6517.0 -14.5 19 0 9.1 8.7 2.5 2.5 2 0 1 2 2
6677.5 -6541.8 -14.7 22 0 19.4 10.8 5.0 2.5 2 0 2 1 1
6665.5 -6575.0 -14.6 23 0 7.0 11.2 5.0 2.5 2 1 2 0 0
6653.6 -6607.6 -14.4 23 0 5.9 11.2 5.0 2.5 2 1 2 5 5
6632.2 -6512.4 -15.0 298 0 5.8 6.7 2.5 2.5 4 1 1 1 1
6634.4 -6501.2 -14.9 294 0 6.5 5.1 7.5 2.5 2 0 3 5 5
6651.4 -6558.5 -14.5 20 0 6.4 6.4 2.5 2.5 2 1 1 2 2
6616.5 -6619.0 -14.2 200 0 6.0 5.5 2.5 0.0 0 0 1 2 2
6879.0 -6472.5 -12.5 290 0 10.9 6.7 5.0 2.5 2 0 2 3 3
6890.7 -6475.7 -12.5 289 0 12.1 20.5 5.0 2.5 2 1 2 3 3
6888.3 -6453.0 -12.4 108 0 6.2 9.6 2.5 2.5 2 1 1 2 2
4729.3 -4975.2 -7.4 106 0 23.2 12.5 10.0 0.0 0 0 4 0 0
4634.3 -4793.8 -7.8 278 0 13.3 17.0 7.5 0.0 0 1 3 2 2
4574.3 -4838.7 -6.9 102 0 19.3 15.0 10.0 2.5 2 0 4 5 5
4528.9 -4842.3 -6.2 276 0 10.7 16.8 10.0 0.0 0 1 4 5 5
4711.5 -4939.0 -7.1 287 0 23.4 14.5 10.0 2.5 2 0 4 3 3
4619.0 -4775.2 -8.1 190 0 12.1 22.8 7.5 2.5 2 1 3 5 5
4702.6 -4968.8 -6.9 106 0 22.3 15.0 7.5 2.5 2 0 3 0 0
4706.1 -4842.9 -8.0 106 0 23.3 13.0 7.5 2.5 4 0 3 2 2
4668.3 -4877.0 -7.2 103 0 22.9 14.8 12.5 2.5 2 0 5 4 4
4551.4 -4846.6 -6.3 280 0 10.6 16.4 10.0 0.0 0 1 4 0 0
4755.5 -4981.9 -8.0 106 0 24.0 15.2 10.0 2.5 2 0 4 1 1
4546.2 -4834.4 -6.7 98 0 10.1 15.7 10.0 0.0 0 1 4 4 4
4681.7 -4846.6 -7.5 281 0 13.5 16.5 10.0 0.0 0 1 4 0 0
4673.5 -4759.7 -8.6 285 0 13.1 16.4 5.0 0.0 0 1 2 5 5
4690.8 -4882.8 -7.4 108 0 14.2 15.0 7.5 0.0 0 1 3 4 4
4736.0 -4775.1 -8.9 285 0 16.3 15.6 10.0 0.0 0 0 4 0 0
4764.2 -4952.5 -8.2 284 0 23.0 13.5 5.0 2.5 2 0 2 2 2
4739.2 -4944.8 -7.7 291 0 22.3 14.8 7.5 2.5 2 0 3 3 3
4650.9 -4788.6 -8.3 101 0 15.8 15.0 10.0 0.0 0 0 4 1 1
4532.1 -4831.9 -6.6 98 0 19.9 15.8 12.5 0.0 0 0 5 3 3
4569.4 -4848.8 -6.5 277 0 18.9 17.9 7.5 2.5 2 0 3 3 3
5816.8 -6029.5 -22.1 27 0 15.8 19.9 7.5 0.0 0 1 3 3 3
4794.2 -6715.3 -12.0 98 0 9.5 6.3 7.5 0.0 0 0 3 0 0
5753.0 -6005.3 -20.9 159 0 15.3 21.9 5.0 0.0 0 1 2 5 5
5783.7 -6041.4 -21.6 27 0 16.6 19.9 7.5 0.0 0 1 3 5 5
6085.1 -6124.7 -21.6 114 0 10.4 14.0 2.5 2.5 2 1 1 2 2
6139.7 -6216.6 -20.9 25 0 7.6 6.4 2.5 2.5 2 0 1 5 5
4783.8 -6556.4 -13.5 285 0 9.2 9.4 5.0 2.5 2 1 2 3 3
4825.4 -6651.3 -12.9 1 0 9.1 17.9 2.5 2.5 2 1 1 2 2
4794.6 -6731.9 -12.0 93 0 6.8 9.1 5.0 0.0 0 1 2 2 2
4853.3 -6571.0 -14.5 290 0 37.2 12.2 10.0 2.5 2 0 4 4 4
6102.4 -6117.5 -21.5 113 0 9.4 6.3 2.5 2.5 2 0 1 3 3
6223.1 -6035.9 -18.8 291 0 12.7 7.4 7.5 2.5 2 0 3 3 3
4646.9 -6584.8 -11.0 273 0 5.5 9.1 2.5 2.5 2 1 1 5 5
6181.8 -6026.2 -19.8 302 0 6.2 6.6 7.5 2.5 2 1 3 2 2
5859.6 -6024.3 -22.5 34 0 12.5 8.1 5.0 2.5 2 0 2 1 1
6157.2 -6150.4 -20.6 110 0 12.7 17.8 7.5 2.5 2 1 3 2 2
4804.8 -6586.5 -13.4 282 0 6.8 7.2 5.0 2.5 2 1 2 5 5
4751.2 -6020.7 -15.3 286 0 6.6 9.8 5.0 2.5 2 1 2 2 2
6148.5 -6081.1 -20.8 111 0 9.1 14.2 2.5 0.0 0 1 1 4 4
4689.7 -6583.6 -11.8 157 0 7.6 6.2 7.5 2.5 2 0 3 1 1
6192.9 -6047.8 -19.9 299 0 14.7 23.9 7.5 0.0 0 1 3 3 3
4792.0 -6720.7 -12.0 93 0 14.3 4.2 5.0 0.0 0 0 2 2 2
4722.4 -6037.8 -15.4 194 0 12.6 17.5 7.5 2.5 2 1 3 2 2
4830.1 -6675.7 -12.6 1 0 7.5 14.0 7.5 2.5 2 1 3 0 0
6042.7 -5934.8 -22.5 307 0 5.6 7.6 2.5 2.5 2 1 1 3 3
4717.2 -6633.2 -11.5 193 0 5.2 10.9 5.0 2.5 2 1 2 5 5
4952.6 -6576.6 -16.2 109 0 6.8 19.3 7.5 2.5 2 1 3 0 0
4731.5 -6562.9 -12.8 179 0 6.8 11.5 2.5 2.5 2 1 1 5 5
4796.5 -6617.1 -13.0 202 0 12.5 7.2 5.0 0.0 0 0 2 2 2
4774.3 -6655.6 -12.1 190 0 7.9 4.7 5.0 2.5 2 0 2 4 4
4699.3 -6588.5 -11.9 180 0 9.8 7.1 7.5 2.5 2 0 3 0 0
6010.8 -6346.7 -21.2 111 0 8.2 11.5 2.5 2.5 2 1 1 0 0
4728.6 -6718.1 -10.9 187 0 4.9 11.3 7.5 2.5 2 1 3 1 1
4828.1 -6682.6 -12.4 4 0 4.3 9.3 7.5 0.0 0 1 3 0 0
6060.9 -6347.7 -20.9 289 0 9.2 15.2 5.0 2.5 2 1 2 1 1
6110.0 -6042.0 -21.4 202 0 6.2 11.0 7.5 2.5 2 1 3 0 0
4538.1 -6288.7 -14.1 104 0 13.5 37.5 5.0 2.5 2 1 2 1 1
6034.2 -6220.6 -21.6 108 0 23.8 24.0 10.0 2.5 2 1 4 2 2
6218.8 -6045.2 -18.9 297 0 11.6 6.4 7.5 2.5 2 0 3 0 0
4733.8 -6642.8 -11.6 195 0 9.5 4.0 5.0 2.5 2 0 2 1 1
4763.6 -6735.4 -11.5 93 0 10.5 15.9 5.0 2.5 4 1 2 4 4
4772.1 -6579.0 -13.2 186 0 6.3 10.0 5.0 2.5 2 1 2 1 1
4823.2 -6724.0 -12.4 1 0 12.0 10.0 5.0 2.5 2 0 2 0 0
4663.5 -6576.3 -11.4 1 0 12.8 10.7 10.0 2.5 2 0 4 0 0
6030.5 -6144.6 -21.8 206 0 12.7 17.9 7.5 2.5 2 1 3 0 0
6176.8 -6033.1 -20.1 299 0 8.1 12.6 2.5 2.5 2 1 1 5 5
5765.7 -5815.0 -18.2 254 0 7.8 7.8 2.5 2.5 2 1 1 0 0
6003.4 -6331.8 -21.3 293 0 12.2 11.4 5.0 2.5 4 0 2 5 5
4739.7 -6660.0 -11.7 195 0 11.9 22.5 10.0 2.5 2 1 4 2 2
4812.1 -6590.4 -13.5 286 0 6.0 5.9 5.0 0.0 0 0 2 4 4
6210.0 -6023.6 -19.2 301 0 4.1 13.9 5.0 0.0 0 1 2 0 0
4785.4 -6741.1 -11.9 87 0 5.6 7.4 7.5 2.5 2 1 3 1 1
6084.9 -6355.7 -20.8 293 0 8.8 16.3 7.5 2.5 2 1 3 4 4
6165.1 -6061.8 -20.5 27 0 9.0 5.9 5.0 2.5 2 0 2 5 5
4848.8 -6633.1 -13.5 359 0 14.2 7.7 7.5 2.5 2 0 3 3 3
4749.1 -6718.6 -11.2 97 0 9.3 9.6 2.5 2.5 2 1 1 5 5
4790.4 -6706.8 -11.9 103 0 13.0 7.7 5.0 2.5 4 0 2 2 2
4987.9 -5831.4 -13.6 219 0 12.3 5.8 2.5 2.5 2 0 1 5 5
4915.5 -6759.3 -14.3 98 0 6.2 9.5 7.5 2.5 2 1 3 0 0
4814.3 -6672.1 -12.4 2 0 4.9 11.2 2.5 2.5 2 1 1 4 4
6135.0 -6033.6 -21.2 299 0 8.7 20.4 7.5 2.5 2 1 3 0 0
4746.1 -6544.7 -13.1 282 0 6.3 12.2 5.0 2.5 2 1 2 0 0
6212.8 -6069.5 -19.1 30 0 6.6 10.9 7.5 2.5 2 1 3 5 5
6100.8 -6144.2 -21.5 293 0 14.8 8.3 7.5 2.5 2 0 3 1 1
6229.3 -6027.0 -18.7 297 0 8.7 8.1 5.0 2.5 2 0 2 1 1
4844.6 -6649.4 -13.2 359 0 8.6 13.4 5.0 2.5 4 1 2 5 5
6025.2 -6339.0 -21.2 292 0 8.4 11.3 2.5 2.5 2 1 1 0 0
6148.1 -6134.2 -20.8 110 0 9.3 8.4 7.5 2.5 2 0 3 1 1
4763.2 -6675.5 -11.5 275 0 5.3 17.1 7.5 2.5 2 1 3 0 0
4751.6 -6682.8 -11.4 186 0 11.8 6.0 2.5 2.5 2 0 1 5 5
4783.5 -6567.0 -13.3 286 0 6.3 8.2 5.0 2.5 2 1 2 0 0
4737.1 -6572.4 -12.7 179 0 8.3 7.6 7.5 2.5 2 0 3 0 0
4763.4 -6718.6 -11.4 90 0 12.8 12.8 5.0 2.5 2 1 2 3 3
4775.9 -6520.4 -13.9 282 0 6.4 8.8 2.5 2.5 4 1 1 5 5
6221.4 -6013.3 -18.9 298 0 5.4 5.9 5.0 2.5 2 1 2 1 1
6010.5 -6198.0 -21.7 200 0 27.7 13.6 10.0 2.5 2 0 4 1 1
5841.0 -6048.2 -22.6 130 0 9.8 13.6 2.5 2.5 2 1 1 0 0
6140.8 -6140.0 -21.0 111 0 21.0 6.6 7.5 2.5 2 0 3 5 5
4784.9 -6612.3 -12.9 181 0 13.0 9.9 2.5 2.5 2 0 1 0 0
4775.8 -6564.6 -13.3 284 0 6.6 8.5 7.5 2.5 2 1 3 3 3
6160.7 -6108.9 -20.7 20 0 4.7 13.1 2.5 2.5 2 1 1 2 2
6196.5 -6097.6 -20.1 26 0 20.9 21.5 10.0 2.5 2 1 4 5 5
4638.8 -6512.3 -11.8 343 0 6.9 8.1 5.0 2.5 2 1 2 4 4
6212.9 -6031.7 -19.0 302 0 6.5 10.0 7.5 2.5 2 1 3 1 1
4829.8 -6619.6 -13.5 27 0 8.3 18.2 5.0 2.5 2 1 2 3 3
4622.5 -4911.7 -6.1 287 0 14.1 16.6 10.0 0.0 0 1 4 1 1
4608.1 -4940.1 -5.8 107 0 22.7 11.7 7.5 2.5 2 0 3 5 5
4592.5 -4902.5 -6.0 290 0 23.1 15.7 5.0 2.5 2 0 2 3 3
4455.1 -4904.0 -5.2 289 0 20.5 15.0 12.5 0.0 0 0 5 4 4
4634.1 -4948.1 -5.9 109 0 23.8 12.2 10.0 2.5 4 0 4 5 5
4582.1 -4932.6 -5.7 104 0 23.1 13.1 10.0 2.5 2 0 4 1 1
4481.5 -4912.6 -5.0 286 0 20.0 13.2 5.0 2.5 2 0 2 3 3
4503.6 -4917.4 -4.9 284 0 19.6 14.4 7.5 2.5 2 0 3 2 2
4606.0 -4952.3 -5.4 290 0 22.5 13.5 7.5 2.5 4 0 3 5 5
4659.3 -4955.5 -6.1 110 0 22.6 13.0 10.0 2.5 2 0 4 5 5
5580.7 -5079.4 -13.8 99 0 6.2 6.4 7.5 2.5 4 1 3 4 4
5467.0 -5205.6 -11.7 103 0 8.9 12.4 2.5 2.5 2 1 1 0 0
5442.3 -4867.7 -16.4 97 0 11.4 13.1 2.5 2.5 2 1 1 3 3
5585.7 -5101.9 -13.3 282 0 6.0 8.1 2.5 2.5 2 1 1 1 1
5588.7 -5082.1 -13.8 93 0 6.9 11.4 5.0 2.5 2 1 2 4 4
4307.2 -6070.3 -11.2 182 0 14.2 7.6 2.5 2.5 2 0 1 0 0
5816.7 -5955.3 -21.1 26 0 29.8 27.5 7.5 0.0 0 0 3 0 0
4344.3 -6287.6 -10.5 122 0 5.1 8.7 5.0 0.0 0 1 2 1 1
4346.1 -6157.2 -11.5 352 0 7.8 7.2 7.5 2.5 2 0 3 1 1
4308.1 -6106.8 -10.9 178 0 6.5 5.4 7.5 2.5 2 0 3 2 2
6267.6 -6049.2 -17.8 16 0 10.3 12.2 7.5 2.5 2 1 3 1 1
6253.6 -6041.3 -18.0 297 0 5.6 8.3 7.5 2.5 2 1 3 4 4
5806.1 -5911.7 -20.4 344 0 21.4 26.0 12.5 2.5 2 1 5 4 4
4321.2 -6064.0 -11.5 268 0 4.6 12.7 5.0 2.5 2 1 2 1 1
4339.3 -6282.2 -10.5 121 0 5.5 7.8 2.5 2.5 2 1 1 5 5
4317.1 -6148.4 -10.8 172 0 5.9 5.3 5.0 2.5 2 0 2 0 0
6239.1 -6063.3 -18.5 28 0 12.6 12.5 5.0 0.0 0 0 2 5 5
4318.3 -6121.7 -11.1 179 0 6.3 6.1 5.0 2.5 2 0 2 0 0
6244.0 -6036.3 -18.4 299 0 13.1 17.4 7.5 2.5 2 1 3 1 1
5768.8 -5949.4 -20.3 116 0 18.5 19.2 10.0 2.5 2 1 4 1 1
4312.1 -6213.1 -10.3 187 0 8.7 7.0 7.5 2.5 2 0 3 2 2
5827.3 -5918.1 -20.9 301 0 16.8 16.0 7.5 2.5 2 0 3 1 1
4316.1 -6114.3 -11.1 177 0 6.1 6.1 5.0 2.5 4 0 2 1 1
4313.9 -6236.2 -10.1 186 0 7.0 6.3 2.5 2.5 2 0 1 3 3
4311.7 -6265.1 -9.8 96 0 7.1 7.7 5.0 2.5 2 1 2 5 5
4322.6 -6129.7 -11.2 172 0 5.9 5.7 2.5 2.5 2 0 1 4 4
6900.3 -6068.0 -14.0 104 0 47.1 23.0 10.0 2.5 2 0 4 2 2
6889.0 -5974.5 -14.4 283 0 23.9 45.5 10.0 0.0 0 1 4 4 4
6631.1 -6004.6 -14.9 267 0 8.8 12.1 7.5 2.5 2 1 3 3 3
6760.7 -6044.4 -13.6 20 0 16.1 14.4 5.0 2.5 4 0 2 4 4
6715.0 -6125.4 -14.3 16 0 12.7 16.0 7.5 2.5 2 1 3 5 5
6815.8 -6034.1 -13.5 195 0 22.7 46.6 15.0 2.5 2 1 6 2 2
4692.5 -6601.9 -11.5 357 0 8.0 10.5 7.5 2.5 2 1 3 1 1
6255.2 -5948.8 -18.9 212 0 3.8 9.0 7.5 2.5 2 1 3 3 3
5950.0 -6223.0 -22.0 107 0 14.9 4.4 5.0 0.0 0 0 2 2 2
4746.0 -4897.4 -8.4 106 0 23.4 12.8 12.5 2.5 2 0 5 2 2
5666.1 -5171.6 -12.5 182 0 8.5 6.4 7.5 2.5 2 0 3 5 5
4866.0 -5069.0 -9.5 24 0 19.0 10.2 5.0 2.5 2 0 2 1 1
4874.9 -5104.1 -9.2 23 0 17.9 17.4 7.5 2.5 2 0 3 4 4
5830.2 -5054.7 -13.8 0 0 15.6 10.5 5.0 2.5 2 0 2 0 0
4866.0 -5038.6 -9.7 289 0 12.6 16.4 2.5 2.5 2 1 1 5 5
4845.7 -5071.3 -9.3 109 0 11.2 18.4 5.0 2.5 2 1 2 5 5
6829.0 -5440.5 -17.5 104 0 8.7 10.6 7.5 2.5 2 1 3 2 2
6812.8 -5356.5 -18.0 190 0 11.0 9.6 5.0 2.5 4 0 2 2 2
6841.0 -5381.5 -17.9 194 0 8.3 8.9 5.0 2.5 2 1 2 1 1
6858.7 -5400.3 -17.9 95 0 16.0 16.8 10.0 2.5 2 1 4 0 0
6859.8 -5371.3 -17.9 187 0 5.8 5.9 5.0 2.5 2 1 2 0 0
6909.2 -5393.7 -17.8 5 0 7.6 7.2 2.5 2.5 2 0 1 0 0
6864.4 -5482.4 -17.3 180 0 5.1 9.1 7.5 2.5 2 1 3 3 3
6892.3 -5349.9 -18.0 282 0 9.3 9.1 7.5 2.5 2 0 3 2 2
6886.1 -5297.0 -18.4 96 0 22.8 12.7 7.5 2.5 2 0 3 5 5
6858.5 -5329.9 -18.3 102 0 5.2 15.0 2.5 0.0 0 1 1 0 0
6874.1 -5354.4 -18.0 278 0 5.2 11.1 7.5 2.5 4 1 3 4 4
6808.3 -5353.3 -18.0 14 0 10.1 8.4 2.5 2.5 2 0 1 3 3
6826.1 -5370.3 -17.9 101 0 8.3 6.7 7.5 2.5 4 0 3 0 0
6832.1 -5471.2 -17.3 100 0 17.0 8.6 2.5 2.5 2 0 1 5 5
6875.5 -5402.8 -17.8 96 0 12.3 8.7 7.5 2.5 2 0 3 5 5
6879.4 -5481.6 -17.2 270 0 7.8 15.3 7.5 2.5 2 1 3 3 3
6914.3 -5381.9 -17.9 271 0 5.9 6.9 7.5 2.5 2 1 3 0 0
6868.0 -5336.0 -18.2 281 0 13.4 7.1 7.5 2.5 2 0 3 5 5
6914.9 -5471.0 -17.4 92 0 11.6 9.2 7.5 0.0 0 0 3 5 5
6903.2 -5307.3 -18.3 189 0 8.6 7.6 5.0 2.5 2 0 2 0 0
6817.7 -5336.7 -18.2 192 0 24.7 20.0 10.0 2.5 2 0 4 2 2
6891.7 -5311.9 -18.3 280 0 10.1 8.7 5.0 2.5 2 0 2 4 4
6855.2 -5324.9 -18.3 12 0 13.0 8.6 5.0 2.5 2 0 2 2 2
6867.0 -5295.6 -18.4 283 0 7.6 17.3 7.5 2.5 4 1 3 5 5
6742.6 -5498.0 -16.7 82 0 17.7 10.2 5.0 2.5 2 0 2 5 5
6038.5 -4645.8 -18.9 270 0 12.5 7.5 2.5 2.5 2 0 1 4 4
5573.3 -5340.3 -9.8 205 0 8.1 10.1 5.0 2.5 2 1 2 5 5
5474.0 -5178.4 -12.0 286 0 16.2 13.8 2.5 2.5 2 0 1 0 0
5577.0 -5330.6 -9.9 202 0 7.4 18.7 7.5 2.5 2 1 3 4 4
5914.5 -5029.3 -14.1 282 0 8.8 11.5 7.5 2.5 2 1 3 2 2
5992.7 -4672.5 -18.6 87 0 6.0 5.7 2.5 0.0 0 0 1 5 5
5542.7 -5088.8 -13.5 1 0 8.2 10.9 5.0 2.5 2 1 2 2 2
6050.5 -4645.3 -18.9 273 0 8.5 4.9 7.5 2.5 2 0 3 3 3
5954.2 -4607.2 -19.5 287 0 9.3 11.9 7.5 2.5 2 1 3 2 2
6793.9 -6476.6 -13.3 190 0 7.3 8.4 7.5 2.5 2 1 3 5 5
6747.8 -6135.5 -13.9 15 0 21.7 14.1 7.5 2.5 2 0 3 3 3
6543.8 -6333.8 -15.8 20 0 4.4 12.1 7.5 2.5 2 1 3 2 2
6557.4 -6460.7 -15.4 103 0 9.4 12.4 2.5 2.5 2 1 1 3 3
6736.8 -6483.0 -13.7 284 0 6.3 6.3 7.5 2.5 4 0 3 2 2
6567.9 -6476.6 -15.4 292 0 20.2 20.7 7.5 2.5 2 1 3 3 3
6552.9 -6108.6 -15.3 11 0 10.5 11.6 10.0 2.5 2 1 4 2 2
6602.2 -5915.9 -14.2 288 0 8.0 12.6 2.5 2.5 2 1 1 4 4
6915.4 -6495.2 -12.4 282 0 4.4 9.7 5.0 2.5 2 1 2 5 5
6597.8 -5939.9 -14.5 16 0 13.2 22.8 5.0 2.5 4 1 2 1 1
6536.8 -6445.9 -15.4 104 0 9.1 19.1 5.0 2.5 2 1 2 1 1
6744.2 -6485.0 -13.7 288 0 5.1 7.4 7.5 2.5 2 1 3 4 4
6665.9 -6465.1 -14.3 282 0 5.4 8.9 5.0 2.5 2 1 2 1 1
6536.9 -6113.2 -15.3 10 0 7.4 12.8 7.5 2.5 2 1 3 0 0
6563.7 -5902.5 -14.2 288 0 10.0 7.7 7.5 2.5 4 0 3 5 5
6727.6 -6472.5 -13.9 104 0 4.9 8.0 5.0 2.5 2 1 2 2 2
6527.7 -6436.8 -15.5 98 0 10.5 11.0 5.0 2.5 2 1 2 3 3
6566.0 -6042.1 -14.9 11 0 31.9 13.7 7.5 2.5 4 0 3 3 3
6569.3 -6418.1 -15.2 287 0 9.9 10.5 5.0 2.5 2 1 2 3 3
6580.5 -5980.5 -14.5 83 0 19.2 20.8 7.5 2.5 2 1 3 2 2
6734.6 -6006.0 -13.7 275 0 5.0 14.5 7.5 2.5 2 1 3 3 3
6552.4 -6143.7 -15.6 195 0 4.4 11.4 5.0 2.5 2 1 2 3 3
6539.3 -6335.7 -15.7 289 0 8.4 8.0 5.0 2.5 2 0 2 3 3
6568.5 -6459.5 -15.2 98 0 7.1 10.3 5.0 2.5 2 1 2 3 3
6594.4 -5979.2 -14.6 87 0 6.3 21.5 7.5 2.5 2 1 3 1 1
5008.0 -4642.1 -15.3 88 0 5.8 8.5 7.5 2.5 2 1 3 1 1
5088.5 -4635.1 -16.5 179 0 6.1 6.0 7.5 2.5 4 0 3 5 5
5155.8 -4504.0 -18.5 115 0 7.7 6.5 5.0 2.5 2 0 2 3 3
5010.2 -4632.4 -15.4 88 0 8.1 7.4 2.5 2.5 2 0 1 3 3
5048.1 -4638.7 -15.8 89 0 6.9 9.6 5.0 2.5 2 1 2 0 0
5029.8 -4770.0 -14.2 6 0 12.5 7.7 7.5 2.5 2 0 3 1 1
5010.2 -4615.6 -15.6 92 0 5.1 6.0 7.5 2.5 2 1 3 2 2
4972.8 -4645.5 -15.0 92 0 5.0 12.5 7.5 0.0 0 1 3 3 3
4968.9 -4682.4 -14.6 179 0 10.2 10.5 2.5 2.5 2 1 1 5 5
5029.1 -4640.6 -15.5 92 0 8.0 9.0 5.0 2.5 2 1 2 1 1
4947.5 -4321.8 -18.1 112 0 18.5 27.9 7.5 2.5 4 1 3 3 3
5028.4 -4627.4 -15.7 89 0 11.6 11.6 5.0 2.5 2 1 2 2 2
6788.8 -5469.0 -17.2 3 0 11.2 8.4 7.5 2.5 2 0 3 0 0
4837.8 -4654.0 -12.4 92 0 11.5 13.2 2.5 2.5 2 1 1 3 3
4791.8 -4648.1 -11.4 96 0 6.8 12.7 5.0 2.5 2 1 2 5 5
5774.7 -5656.0 -15.8 298 0 5.2 6.9 5.0 2.5 2 1 2 1 1
5153.2 -5424.4 -7.5 283 0 12.2 29.4 7.5 2.5 2 1 3 1 1
5879.7 -5574.4 -17.3 288 0 10.0 22.9 5.0 2.5 2 1 2 4 4
5235.0 -5493.3 -10.1 98 0 10.4 7.0 5.0 2.5 2 0 2 1 1
5240.7 -5471.3 -9.8 278 0 8.2 14.5 5.0 2.5 2 1 2 1 1
5850.2 -5784.4 -21.5 135 0 11.4 21.6 5.0 2.5 2 1 2 0 0
5201.7 -5430.9 -7.5 286 0 8.0 12.8 5.0 2.5 2 1 2 0 0
4829.3 -5201.9 -7.6 21 0 16.9 16.3 10.0 2.5 2 0 4 3 3
4767.7 -5099.2 -7.0 288 0 14.8 21.8 10.0 2.5 2 1 4 3 3
4929.0 -5150.5 -9.0 21 0 10.4 18.5 7.5 2.5 2 1 3 1 1
4991.6 -5236.3 -8.4 291 0 10.9 15.5 5.0 2.5 2 1 2 2 2
4981.1 -5288.9 -7.8 17 0 15.9 12.6 2.5 2.5 2 0 1 2 2
4973.4 -5264.2 -8.1 112 0 10.5 15.1 5.0 2.5 2 1 2 1 1
5025.1 -5312.3 -8.5 109 0 16.4 17.9 10.0 2.5 2 1 4 0 0
4992.0 -5222.3 -8.8 112 0 11.9 15.9 5.0 2.5 2 1 2 3 3
4967.8 -5229.4 -8.4 289 0 10.9 15.4 5.0 2.5 2 1 2 3 3
4756.6 -5135.8 -6.7 109 0 10.7 15.5 2.5 2.5 2 1 1 1 1
5029.0 -5245.4 -8.9 288 0 15.0 18.1 15.0 0.0 0 1 6 2 2
4962.2 -5259.9 -8.2 109 0 10.9 14.8 2.5 2.5 2 1 1 4 4
4797.3 -5110.6 -7.6 291 0 13.5 22.0 7.5 2.5 2 1 3 2 2
4815.1 -5221.3 -7.2 293 0 19.1 14.7 10.0 2.5 2 0 4 1 1
5033.9 -5284.7 -8.8 108 0 15.0 16.1 7.5 2.5 2 1 3 1 1
4999.9 -5304.4 -8.1 109 0 10.6 17.7 7.5 2.5 2 1 3 3 3
4944.5 -5221.0 -8.4 290 0 10.9 15.9 7.5 2.5 2 1 3 4 4
4922.9 -5080.8 -9.7 286 0 10.9 22.6 2.5 2.5 4 1 1 5 5
4924.8 -5277.7 -7.8 111 0 11.7 16.5 7.5 0.0 0 1 3 3 3
5008.7 -5276.0 -8.5 112 0 11.1 16.0 7.5 2.5 2 1 3 3 3
5028.1 -5234.1 -9.2 110 0 10.6 15.6 2.5 2.5 2 1 1 3 3
4966.3 -5271.1 -7.8 289 0 10.7 19.7 5.0 2.5 4 1 2 1 1
4770.3 -5200.2 -6.2 292 0 13.1 21.0 12.5 2.5 4 1 5 3 3
4868.5 -5237.5 -7.6 294 0 11.4 18.1 2.5 2.5 4 1 1 5 5
4782.6 -5105.9 -7.3 289 0 14.1 20.5 10.0 2.5 2 1 4 0 0
5044.9 -5250.7 -9.1 288 0 14.0 18.8 7.5 2.5 2 1 3 2 2
4938.2 -5251.7 -8.2 107 0 11.6 13.4 7.5 2.5 2 1 3 0 0
5014.8 -5242.2 -8.6 288 0 10.6 16.4 7.5 2.5 2 1 3 0 0
5050.7 -5239.4 -9.5 111 0 8.6 13.2 7.5 0.0 0 1 3 2 2
4983.4 -5230.0 -8.4 289 0 5.6 19.8 7.5 2.5 2 1 3 5 5
4577.1 -5002.1 -4.5 279 0 13.2 9.2 7.5 2.5 2 0 3 3 3
4602.6 -4976.3 -5.1 293 0 13.0 14.1 5.0 2.5 2 1 2 4 4
4723.3 -5067.1 -6.5 108 0 14.1 14.2 5.0 2.5 2 1 2 2 2
5748.0 -5469.5 -12.1 196 0 10.3 15.7 7.5 0.0 0 1 3 1 1
5725.5 -5523.4 -12.5 15 0 10.4 16.6 2.5 0.0 0 1 1 1 1
4513.4 -5243.9 -0.9 105 0 12.7 13.0 7.5 2.5 2 1 3 4 4
4643.5 -5013.6 -4.9 285 0 14.1 14.2 5.0 2.5 2 1 2 3 3
4616.2 -5053.3 -4.2 284 0 13.2 15.0 5.0 2.5 2 1 2 1 1
4620.4 -5272.7 -2.3 103 0 13.8 13.2 2.5 2.5 2 0 1 3 3
4431.9 -5104.0 -3.0 109 0 13.7 15.1 5.0 2.5 2 1 2 3 3
5702.7 -5486.8 -11.8 186 0 13.4 13.0 2.5 2.5 2 0 1 0 0
4642.0 -5229.0 -3.2 107 0 15.6 15.4 7.5 2.5 2 0 3 2 2
5641.8 -5598.0 -12.7 22 0 19.0 11.2 5.0 2.5 2 0 2 5 5
4720.3 -5078.4 -6.1 287 0 14.0 15.3 5.0 0.0 0 1 2 1 1
4633.0 -5339.2 -1.9 283 0 14.0 15.8 5.0 2.5 2 1 2 2 2
4553.1 -5318.2 -0.1 284 0 10.4 15.5 5.0 2.5 2 1 2 5 5
5694.8 -5528.5 -12.4 196 0 14.3 10.5 7.5 2.5 2 0 3 2 2
4674.3 -5055.3 -5.4 108 0 14.2 14.9 5.0 0.0 0 1 2 5 5
4739.6 -5009.5 -7.1 294 0 12.6 15.6 5.0 2.5 2 1 2 4 4
4677.0 -5112.8 -4.8 293 0 12.8 15.9 7.5 2.5 2 1 3 3 3
4534.2 -5313.9 0.0 284 0 13.5 15.0 5.0 2.5 2 1 2 4 4
4459.6 -5064.8 -3.3 103 0 13.5 14.4 7.5 2.5 2 1 3 0 0
5694.5 -5668.4 -14.6 196 0 10.1 11.8 2.5 2.5 2 1 1 4 4
4674.9 -5252.3 -3.6 283 0 16.7 17.5 7.5 2.5 2 1 3 1 1
4653.3 -5061.6 -4.6 280 0 13.3 15.4 7.5 0.0 0 1 3 4 4
4429.1 -5115.3 -2.7 287 0 14.4 14.5 7.5 2.5 2 1 3 2 2
5709.1 -5610.4 -13.9 196 0 11.6 14.6 5.0 2.5 2 1 2 2 2
4492.8 -5093.5 -2.8 21 0 14.7 12.8 7.5 2.5 2 0 3 5 5
4677.6 -5337.1 -3.2 91 0 17.3 16.5 10.0 2.5 4 0 4 2 2
5701.2 -5500.2 -12.0 185 0 11.4 11.7 5.0 2.5 2 1 2 5 5
4689.3 -5291.1 -3.8 103 0 17.6 13.9 5.0 2.5 2 0 2 1 1
4712.1 -5111.4 -5.8 106 0 13.6 14.9 7.5 2.5 2 1 3 2 2
4513.9 -5009.7 -4.3 14 0 14.4 86.8 7.5 2.5 2 1 3 4 4
4496.3 -5241.6 -0.9 105 0 14.1 14.7 2.5 2.5 2 1 1 3 3
4544.0 -4990.4 -4.4 284 0 12.8 12.2 5.0 2.5 4 0 2 0 0
4521.8 -5360.9 0.8 284 0 14.6 14.5 2.5 2.5 2 0 1 0 0
4599.7 -5048.0 -4.1 284 0 13.2 16.1 7.5 2.5 2 1 3 3 3
4593.4 -5365.2 -0.9 103 0 9.6 17.6 2.5 2.5 2 1 1 2 2
5718.4 -5575.0 -13.4 196 0 11.5 15.4 7.5 2.5 2 1 3 3 3
4703.4 -5072.2 -5.7 285 0 13.5 17.0 5.0 2.5 2 1 2 1 1
5693.7 -5480.4 -11.4 2 0 12.0 16.9 7.5 2.5 2 1 3 1 1
4736.8 -5110.8 -6.2 20 0 14.9 14.0 5.0 2.5 2 0 2 2 2
4656.8 -5247.8 -3.2 283 0 15.8 17.5 12.5 2.5 2 1 5 5 5
4651.5 -5344.6 -2.3 283 0 16.4 15.1 5.0 2.5 2 0 2 1 1
4670.0 -5064.8 -5.0 281 0 14.2 15.9 7.5 2.5 2 1 3 2 2
4641.3 -5326.4 -2.3 91 0 13.9 14.5 5.0 2.5 4 1 2 5 5
5721.1 -5536.3 -12.6 16 0 13.3 15.6 2.5 2.5 2 1 1 3 3
4570.2 -5028.3 -4.3 111 0 14.0 13.9 7.5 2.5 2 0 3 2 2
5731.2 -5529.0 -12.8 196 0 10.8 15.6 5.0 2.5 2 1 2 4 4
4620.9 -5388.0 -1.2 283 0 15.1 12.7 2.5 2.5 2 0 1 2 2
4412.7 -5098.5 -3.1 108 0 18.4 15.2 10.0 0.0 0 0 4 4 4
4542.9 -5068.0 -3.5 110 0 13.2 14.8 7.5 2.5 2 1 3 2 2
4507.0 -5170.0 -1.8 194 0 11.2 13.1 7.5 2.5 2 1 3 5 5
5691.3 -5680.6 -14.7 196 0 12.1 12.0 7.5 2.5 2 0 3 1 1
4751.1 -5050.1 -7.0 18 0 14.5 13.4 7.5 2.5 2 0 3 1 1
5590.2 -5640.4 -12.8 110 0 10.0 19.3 7.5 2.5 2 1 3 2 2
4539.6 -5364.9 0.5 284 0 13.6 15.0 7.5 2.5 2 1 3 5 5
4657.2 -5331.6 -2.7 91 0 13.4 15.4 5.0 2.5 2 1 2 4 4
4445.2 -5119.1 -2.5 287 0 13.8 14.1 5.0 2.5 2 1 2 1 1
4658.5 -5050.2 -5.1 106 0 14.8 13.8 2.5 2.5 2 0 1 5 5
4439.7 -5071.1 -3.2 288 0 13.7 15.4 10.0 2.5 2 1 4 4 4
4513.0 -5214.5 -1.1 285 0 20.5 11.9 2.5 2.5 2 0 1 4 4
5721.7 -5563.4 -13.3 196 0 10.4 15.2 7.5 2.5 2 1 3 1 1
4715.1 -5223.2 -4.7 12 0 14.1 20.0 10.0 2.5 4 1 4 1 1
4420.5 -5068.1 -3.3 289 0 19.3 15.1 12.5 2.5 4 0 5 3 3
4659.2 -5234.3 -3.6 110 0 15.0 16.3 2.5 2.5 2 1 1 4 4
4536.9 -5019.7 -4.1 114 0 13.4 13.5 5.0 2.5 2 1 2 3 3
4568.1 -5179.6 -2.1 284 0 13.4 12.7 2.5 2.5 2 0 1 0 0
4464.8 -5111.6 -2.7 108 0 13.4 14.0 5.0 2.5 2 1 2 2 2
5611.5 -5653.8 -13.4 110 0 24.9 13.9 10.0 2.5 2 0 4 4 4
4671.8 -5348.4 -2.8 283 0 18.7 16.7 10.0 2.5 2 0 4 0 0
4545.3 -5251.2 -1.1 105 0 12.7 12.6 5.0 2.5 2 0 2 3 3
4586.5 -5032.6 -4.4 110 0 13.1 13.9 7.5 2.5 2 1 3 1 1
5699.0 -5513.1 -12.2 194 0 13.3 9.7 2.5 2.5 2 0 1 4 4
4690.6 -5059.9 -5.8 108 0 14.9 17.1 10.0 2.5 2 1 4 2 2
4575.0 -5227.9 -1.5 285 0 11.7 14.9 5.0 2.5 2 1 2 0 0
4572.9 -5088.9 -3.3 279 0 16.2 13.9 5.0 2.5 2 0 2 4 4
4533.6 -5032.7 -3.7 282 0 14.4 14.2 10.0 2.5 2 0 4 3 3
5709.8 -5464.0 -11.5 286 0 9.9 15.5 7.5 2.5 2 1 3 3 3
5722.9 -5462.8 -11.7 286 0 9.8 16.8 7.5 2.5 2 1 3 4 4
4644.6 -5376.7 -2.0 103 0 11.9 14.6 7.5 2.5 2 1 3 5 5
4681.3 -5021.1 -5.6 282 0 14.6 16.3 10.0 2.5 4 1 4 2 2
4479.8 -5335.8 0.1 104 0 16.7 17.4 10.0 2.5 2 1 4 0 0
5732.6 -5500.8 -12.2 16 0 9.9 16.4 2.5 2.5 2 1 1 3 3
4533.9 -5171.9 -1.9 284 0 15.1 10.8 5.0 2.5 2 0 2 3 3
4560.3 -4998.6 -4.4 288 0 12.9 8.0 2.5 2.5 2 0 1 1 1
4638.2 -5245.3 -2.8 283 0 12.9 15.9 10.0 2.5 2 1 4 2 2
4688.2 -5066.4 -5.4 287 0 15.1 18.7 12.5 2.5 2 1 5 5 5
4597.5 -5330.6 -1.1 283 0 13.8 15.5 2.5 2.5 2 1 1 1 1
4456.6 -5077.1 -3.0 287 0 14.4 14.7 5.0 2.5 2 1 2 2 2
5724.5 -5552.0 -13.1 196 0 12.0 16.0 2.5 2.5 2 1 1 0 0
4695.2 -5106.5 -5.5 107 0 13.5 13.7 7.5 2.5 2 1 3 3 3
4603.1 -5383.6 -0.8 283 0 13.4 12.5 7.5 2.5 2 0 3 1 1
4707.6 -5064.2 -6.1 104 0 13.6 15.8 2.5 2.5 2 1 1 1 1
4559.3 -5072.3 -3.6 109 0 13.4 14.2 7.5 2.5 2 1 3 5 5
4551.3 -5175.2 -2.0 284 0 14.0 11.8 7.5 2.5 2 0 3 0 0
4505.0 -5051.5 -3.9 14 0 14.4 86.8 7.5 2.5 2 1 3 2 2
4653.4 -5281.0 -3.0 103 0 13.3 12.9 7.5 2.5 2 0 3 2 2
4567.6 -5038.5 -3.9 285 0 13.5 17.0 2.5 2.5 2 1 1 4 4
4662.6 -5382.6 -2.5 103 0 17.7 15.2 10.0 2.5 2 0 4 3 3
5738.6 -5505.6 -12.5 196 0 10.5 14.6 5.0 2.5 4 1 2 4 4
5703.4 -5634.3 -14.2 196 0 10.9 13.8 2.5 2.5 2 1 1 1 1
4709.4 -5122.1 -5.5 285 0 13.4 15.0 5.0 2.5 2 1 2 2 2
4636.4 -5277.5 -2.7 103 0 13.4 13.8 10.0 2.5 2 1 4 2 2
4593.9 -5006.9 -4.6 288 0 13.2 9.0 5.0 2.5 2 0 2 3 3
4704.2 -5269.4 -4.1 13 0 17.2 20.5 10.0 2.5 2 1 4 2 2
4659.8 -5397.1 -2.1 283 0 19.5 15.4 10.0 2.5 2 0 4 4 4
4697.3 -5245.2 -4.4 107 0 16.7 16.7 10.0 2.5 2 0 4 4 4
4550.3 -5037.2 -3.8 287 0 15.3 14.3 5.0 2.5 2 0 2 1 1
5728.8 -5512.0 -12.3 15 0 11.0 16.1 2.5 2.5 2 1 1 5 5
4740.2 -5091.9 -6.4 20 0 14.7 12.9 2.5 2.5 2 0 1 1 1
4409.1 -5112.0 -2.8 284 0 19.8 13.0 7.5 2.5 2 0 3 4 4
5687.9 -5692.9 -14.9 196 0 9.6 12.1 7.5 2.5 2 1 3 4 4
5738.6 -5476.3 -11.9 16 0 17.0 11.0 2.5 2.5 2 0 1 0 0
4679.2 -5102.3 -5.2 106 0 14.1 16.1 2.5 2.5 2 1 1 2 2
4645.0 -5300.2 -2.5 271 0 10.4 8.3 7.5 2.5 2 0 3 5 5
4635.5 -5044.8 -4.7 109 0 13.5 14.8 2.5 2.5 2 1 1 0 0
4586.6 -5378.9 -0.4 283 0 10.1 11.1 10.0 2.5 2 1 4 5 5
4626.1 -5226.9 -2.8 105 0 10.1 15.5 7.5 2.5 2 1 3 1 1
4423.9 -5056.4 -3.6 104 0 16.6 16.6 10.0 0.0 0 1 4 4 4
5731.2 -5489.5 -12.0 18 0 10.2 12.8 7.5 2.5 2 1 3 4 4
5629.6 -5583.0 -12.5 295 0 10.2 19.4 5.0 0.0 0 1 2 2 2
4491.4 -5288.6 -0.4 103 0 17.7 17.9 12.5 2.5 4 1 5 1 1
4514.5 -5198.1 -1.6 104 0 18.5 17.8 7.5 2.5 2 0 3 3 3
5745.4 -5482.3 -12.2 196 0 10.1 14.8 7.5 2.5 2 1 3 3 3
4626.8 -4986.7 -5.3 208 0 15.5 12.5 2.5 2.5 2 0 1 5 5
4483.3 -5135.9 -2.3 14 0 14.1 15.1 5.0 2.5 2 1 2 0 0
5700.4 -5646.0 -14.3 196 0 10.4 12.5 7.5 2.5 2 1 3 2 2
4615.7 -5336.6 -1.5 283 0 15.2 13.5 10.0 2.5 2 0 4 2 2
4448.2 -5108.2 -2.8 108 0 13.6 14.2 5.0 2.5 2 1 2 1 1
4515.9 -5309.1 0.1 284 0 13.4 15.4 7.5 2.5 2 1 3 1 1
4522.5 -5294.7 -0.4 103 0 10.7 16.1 7.5 2.5 2 1 3 2 2
4475.7 -5069.5 -3.2 103 0 13.3 14.5 5.0 2.5 2 1 2 0 0
4669.3 -5286.2 -3.4 103 0 14.2 14.5 2.5 2.5 2 1 1 0 0
4552.4 -5023.8 -4.2 118 0 13.8 15.0 5.0 2.5 2 1 2 5 5
4505.1 -5355.2 0.7 284 0 12.4 17.3 7.5 2.5 4 1 3 5 5
4555.6 -5085.6 -3.2 283 0 14.0 12.7 5.0 2.5 2 0 2 3 3
4472.8 -5079.5 -2.9 288 0 12.3 16.4 2.5 2.5 2 1 1 0 0
4557.6 -5222.4 -1.4 285 0 13.7 16.2 7.5 2.5 2 1 3 2 2
4692.2 -5116.9 -5.1 282 0 14.2 15.2 5.0 2.5 2 1 2 3 3
4632.7 -5056.6 -4.3 284 0 13.6 14.8 7.5 2.5 2 1 3 1 1
6103.9 -5183.9 -13.9 112 0 11.7 16.1 2.5 2.5 2 1 1 3 3
5109.3 -5526.4 -10.4 191 0 35.5 23.8 12.5 0.0 0 0 5 5 5
6148.8 -5230.4 -13.9 113 0 12.7 10.7 2.5 2.5 2 0 1 3 3
6189.1 -5184.0 -14.5 290 0 13.5 15.1 2.5 2.5 2 1 1 4 4
6161.4 -5172.5 -14.3 288 0 13.6 17.0 5.0 2.5 2 1 2 1 1
6416.9 -5286.1 -15.6 31 0 14.1 9.8 7.5 2.5 2 0 3 4 4
6314.0 -5530.3 -12.9 299 0 15.7 21.4 10.0 2.5 2 1 4 3 3
4268.4 -5413.2 -0.9 195 0 25.0 86.9 10.0 0.0 0 1 4 2 2
6085.9 -5206.5 -13.7 111 0 13.8 17.3 5.0 2.5 2 1 2 0 0
4369.3 -5345.9 -0.8 14 0 20.7 77.9 7.5 0.0 0 1 3 2 2
6130.9 -5160.7 -14.2 296 0 13.2 15.6 2.5 2.5 4 1 1 3 3
5469.4 -5723.8 -13.2 214 0 22.9 12.6 12.5 2.5 2 0 5 2 2
6118.7 -5218.2 -13.8 108 0 12.9 13.5 5.0 2.5 2 1 2 1 1
6293.1 -5571.2 -12.7 118 0 12.8 21.7 7.5 2.5 2 1 3 5 5
5201.5 -5524.9 -10.9 287 0 23.5 37.2 10.0 0.0 0 1 4 4 4
5506.8 -5734.6 -13.6 301 0 12.4 22.1 7.5 2.5 2 1 3 3 3
6210.5 -5200.4 -14.6 21 0 14.8 14.6 7.5 2.5 2 0 3 2 2
6409.7 -5333.8 -15.3 121 0 12.5 17.3 5.0 2.5 4 1 2 1 1
6235.5 -5201.6 -14.7 23 0 12.3 13.5 5.0 2.5 2 1 2 4 4
6054.3 -5194.2 -13.5 111 0 18.8 16.9 10.0 0.0 0 0 4 1 1
4342.7 -4698.5 -8.4 356 0 11.1 13.2 7.5 2.5 2 1 3 2 2
5148.7 -5514.3 -10.6 278 0 22.6 35.9 10.0 0.0 0 1 4 0 0
6133.0 -5224.8 -13.8 112 0 12.2 12.5 2.5 2.5 2 1 1 0 0
5443.3 -5707.6 -12.9 218 0 25.0 12.8 10.0 2.5 2 0 4 0 0
6175.6 -5178.7 -14.4 293 0 10.9 16.4 7.5 2.5 4 1 3 2 2
6089.3 -5178.6 -13.9 110 0 14.3 16.6 5.0 2.5 2 1 2 4 4
6145.9 -5167.0 -14.2 292 0 12.3 15.8 7.5 2.5 2 1 3 3 3
6425.0 -5271.7 -15.8 31 0 15.9 12.7 2.5 2.5 2 0 1 2 2
5457.1 -5716.0 -13.1 216 0 20.2 13.4 7.5 0.0 0 0 3 1 1
6103.3 -5212.2 -13.7 112 0 12.9 16.5 2.5 2.5 2 1 1 2 2
4279.2 -5368.0 -0.7 194 0 56.2 82.8 10.0 0.0 0 1 4 5 5
6072.0 -5200.6 -13.6 108 0 13.6 16.3 7.5 2.5 2 1 3 3 3
5229.7 -5552.3 -11.2 18 0 36.5 21.5 7.5 0.0 0 0 3 4 4
5174.7 -5518.0 -10.7 284 0 22.8 36.3 7.5 0.0 0 1 3 0 0
6115.8 -5153.8 -14.1 290 0 13.2 15.6 7.5 2.5 2 1 3 5 5
5482.9 -5733.1 -13.4 212 0 20.8 12.7 7.5 2.5 2 0 3 3 3
4329.3 -5227.0 -1.9 89 0 8.8 13.6 5.0 2.5 2 1 2 5 5
4945.7 -5492.5 -6.3 182 0 20.9 10.6 5.0 2.5 2 0 2 2 2
6364.5 -5293.2 -15.2 211 0 23.7 14.5 7.5 0.0 0 0 3 3 3
5099.1 -5608.2 -11.3 359 0 28.4 20.6 10.0 2.5 2 0 4 1 1
5137.5 -5312.3 -8.9 14 0 9.4 9.5 5.0 2.5 2 1 2 2 2
5010.7 -5529.8 -9.3 184 0 40.0 25.4 15.0 0.0 0 0 6 4 4
5031.7 -5639.7 -11.5 13 0 20.7 26.8 10.0 2.5 2 1 4 0 0
5195.7 -5735.9 -12.9 96 0 11.0 8.0 7.5 2.5 2 0 3 5 5
4713.4 -5450.0 -3.2 96 0 24.9 13.5 7.5 2.5 2 0 3 2 2
4999.9 -5638.4 -11.4 10 0 18.1 17.4 10.0 2.5 2 0 4 2 2
4978.7 -5641.8 -11.4 9 0 30.3 29.1 10.0 0.0 0 0 4 4 4
5491.7 -5463.2 -10.0 21 0 19.4 19.3 10.0 0.0 0 0 4 4 4
5149.1 -5316.4 -8.9 16 0 9.2 10.8 5.0 2.5 2 1 2 0 0
5090.2 -5643.4 -11.8 4 0 37.1 30.7 7.5 0.0 0 0 3 4 4
5057.6 -5643.0 -11.6 7 0 21.9 22.3 7.5 2.5 2 1 3 0 0
5093.2 -5299.1 -9.0 194 0 11.6 10.9 5.0 2.5 2 0 2 5 5
5093.1 -5565.9 -10.8 6 0 26.2 13.2 10.0 2.5 2 0 4 5 5
4729.7 -5788.5 -12.6 272 0 6.2 32.8 7.5 2.5 2 1 3 5 5
4743.6 -5789.8 -12.7 272 0 5.7 31.0 5.0 2.5 2 1 2 1 1
4758.1 -5792.7 -12.9 271 0 6.6 28.7 7.5 0.0 0 1 3 3 3
4643.3 -5455.9 -2.3 91 0 9.7 8.5 5.0 2.5 2 0 2 0 0
4720.0 -6599.0 -12.0 110 0 6.7 7.7 7.5 2.5 4 1 3 0 0
6397.5 -5934.7 -15.4 118 0 15.8 18.3 12.5 2.5 2 1 5 1 1
4668.2 -6556.7 -11.7 352 0 14.4 15.1 5.0 2.5 4 1 2 1 1
6375.2 -6161.5 -15.7 25 0 22.0 12.5 15.0 0.0 0 0 6 0 0
6134.1 -6184.6 -21.4 21 0 24.4 37.4 7.5 0.0 0 1 3 4 4
6021.6 -6167.5 -21.8 202 0 26.0 41.4 10.0 0.0 0 1 4 1 1
6068.4 -6121.1 -21.8 293 0 39.8 24.5 10.0 0.0 0 0 4 5 5
6335.1 -5919.8 -16.1 125 0 7.7 6.4 7.5 2.5 2 0 3 1 1
6367.5 -5912.3 -15.3 120 0 17.5 20.0 7.5 2.5 2 1 3 0 0
6389.5 -5922.9 -15.4 33 0 11.7 13.6 5.0 2.5 4 1 2 2 2
6428.0 -6131.7 -15.3 24 0 20.8 19.2 10.0 2.5 4 0 4 2 2
6143.7 -6351.0 -20.5 198 0 9.3 13.6 5.0 2.5 2 1 2 2 2
6110.5 -6130.5 -21.5 113 0 24.4 4.9 5.0 2.5 2 0 2 0 0
6517.2 -6113.5 -15.2 4 0 15.8 11.3 2.5 0.0 0 0 1 3 3
6471.3 -6178.1 -15.5 112 0 9.7 15.3 5.0 2.5 2 1 2 2 2
6483.0 -6146.7 -15.4 290 0 9.9 15.1 2.5 2.5 2 1 1 0 0
4477.7 -4897.8 -5.3 104 0 14.8 21.4 7.5 0.0 0 1 3 3 3
4903.4 -5037.8 -10.2 100 0 22.9 13.5 10.0 2.5 2 0 4 3 3
4459.4 -4894.3 -5.5 104 0 11.1 23.9 15.0 0.0 0 1 6 4 4
4785.2 -5202.9 -6.6 291 0 12.6 22.2 7.5 2.5 2 1 3 0 0
4772.4 -5149.9 -6.7 291 0 10.8 21.6 7.5 2.5 2 1 3 4 4
5030.8 -5192.7 -9.3 291 0 10.6 21.4 7.5 2.5 4 1 3 3 3
4852.1 -5233.8 -7.5 292 0 15.5 16.2 7.5 2.5 2 1 3 5 5
4855.7 -5084.1 -9.1 292 0 12.5 21.0 10.0 2.5 2 1 4 3 3
4815.5 -5165.8 -7.6 291 0 13.1 20.8 5.0 2.5 2 1 2 5 5
5052.0 -5203.9 -9.6 289 0 11.1 19.3 7.5 2.5 2 1 3 1 1
4902.2 -5014.5 -10.6 103 0 41.3 23.7 7.5 0.0 0 0 3 4 4
4983.4 -5175.9 -9.1 288 0 11.3 24.4 7.5 2.5 2 1 3 0 0
4853.1 -5131.6 -8.6 291 0 12.4 20.8 7.5 2.5 2 1 3 1 1
4840.3 -5080.5 -8.9 289 0 14.1 17.7 5.0 2.5 2 1 2 3 3
4766.9 -5092.1 -7.3 110 0 18.1 15.6 12.5 2.5 2 0 5 1 1
4810.2 -5070.2 -8.2 290 0 12.7 18.6 2.5 2.5 4 1 1 0 0
4973.8 -5216.8 -8.8 109 0 13.6 16.1 7.5 0.0 0 1 3 2 2
4742.7 -5189.5 -5.7 294 0 11.8 21.5 5.0 2.5 2 1 2 1 1
4887.0 -5305.0 -7.0 25 0 13.8 17.2 7.5 2.5 4 1 3 1 1
5008.3 -5182.4 -9.1 292 0 9.9 25.3 7.5 2.5 2 1 3 0 0
4783.3 -5146.9 -7.3 111 0 15.5 15.9 7.5 2.5 2 1 3 5 5
4943.9 -5262.6 -7.9 291 0 10.9 21.4 5.0 2.5 2 1 2 5 5
4812.8 -5109.1 -8.3 109 0 14.7 16.8 2.5 2.5 2 1 1 4 4
4786.6 -5155.0 -7.0 289 0 13.2 22.0 10.0 2.5 2 1 4 0 0
4840.0 -5127.2 -8.5 292 0 12.4 19.4 2.5 2.5 2 1 1 0 0
4881.3 -5318.4 -6.8 23 0 13.3 16.6 7.5 2.5 2 1 3 5 5
4996.8 -5177.7 -9.1 290 0 10.9 26.5 10.0 2.5 2 1 4 5 5
4801.1 -5160.8 -7.3 290 0 14.6 21.0 7.5 2.5 2 1 3 1 1
4811.8 -5116.0 -7.9 291 0 13.4 22.3 10.0 2.5 2 1 4 3 3
4788.9 -5051.2 -8.3 112 0 12.7 22.7 7.5 2.5 2 1 3 0 0
4813.2 -5157.3 -7.9 109 0 12.5 16.3 5.0 2.5 2 1 2 0 0
4831.3 -5164.9 -8.3 108 0 19.6 16.9 10.0 0.0 0 0 4 1 1
5064.1 -5208.6 -9.8 291 0 11.8 19.4 2.5 2.5 2 1 1 1 1
4897.8 -5275.5 -7.4 19 0 14.2 17.1 2.5 2.5 2 1 1 1 1
4825.4 -5075.4 -8.5 290 0 12.1 18.0 5.0 2.5 2 1 2 1 1
4795.7 -5065.0 -7.9 290 0 12.2 18.8 5.0 2.5 2 1 2 4 4
4756.9 -5145.2 -6.4 292 0 12.1 19.8 2.5 2.5 2 1 1 2 2
5019.8 -5187.2 -9.2 292 0 10.9 23.1 12.5 2.5 2 1 5 2 2
4901.3 -5056.8 -10.0 21 0 22.9 18.5 10.0 2.5 2 0 4 3 3
4799.6 -5208.6 -6.9 292 0 14.9 22.3 10.0 2.5 2 1 4 5 5
4948.1 -5286.4 -7.9 111 0 11.1 20.9 5.0 2.5 4 1 2 5 5
4826.9 -5114.7 -8.6 110 0 14.2 18.0 7.5 2.5 2 1 3 3 3
4826.0 -5121.6 -8.2 292 0 12.1 20.4 5.0 0.0 0 1 2 0 0
4874.6 -5332.2 -6.6 21 0 15.2 17.2 7.5 2.5 2 1 3 4 4
4775.5 -5047.0 -8.0 112 0 12.9 21.3 7.5 2.5 2 1 3 2 2
5041.7 -5197.9 -9.5 293 0 10.4 21.5 10.0 2.5 2 1 4 3 3
4880.5 -5083.4 -9.6 111 0 16.9 19.4 5.0 2.5 2 1 2 0 0
4830.9 -5172.9 -7.9 289 0 16.3 17.9 10.0 2.5 2 1 4 5 5
4968.2 -5164.3 -9.2 288 0 18.8 30.4 7.5 2.5 2 1 3 5 5
4903.2 -5261.2 -7.6 21 0 14.8 18.7 7.5 2.5 2 1 3 5 5
4855.7 -5125.1 -8.9 110 0 13.5 16.8 5.0 2.5 4 1 2 3 3
4958.7 -5212.6 -8.8 108 0 10.4 17.1 5.0 2.5 2 1 2 4 4
4892.8 -5290.4 -7.2 23 0 13.7 16.9 5.0 2.5 2 1 2 0 0
4756.1 -5194.2 -5.9 293 0 13.6 21.5 7.5 2.5 2 1 3 0 0
4783.8 -5098.3 -7.7 110 0 14.4 15.5 2.5 2.5 2 1 1 1 1
4798.1 -5103.9 -7.9 108 0 14.4 16.1 7.5 0.0 0 1 3 4 4
4857.7 -4924.6 -10.7 295 0 19.3 17.9 7.5 0.0 0 0 3 0 0
4611.0 -4815.0 -7.5 193 0 13.8 25.4 7.5 2.5 2 1 3 1 1
4673.6 -4835.7 -7.9 102 0 14.9 15.3 15.0 0.0 0 1 6 1 1
4838.6 -4915.6 -10.3 295 0 21.0 17.5 7.5 0.0 0 0 3 4 4
4687.7 -4796.2 -8.5 102 0 23.3 14.3 12.5 2.5 2 0 5 3 3
4649.8 -4830.1 -7.7 102 0 24.5 14.0 10.0 2.5 2 0 4 0 0
4779.5 -4829.4 -9.4 288 0 18.0 17.8 7.5 0.0 0 0 3 2 2
4830.9 -4840.3 -11.0 112 0 13.6 13.3 10.0 0.0 0 0 4 5 5
4809.9 -4832.2 -10.5 108 0 23.0 14.5 10.0 2.5 2 0 4 0 0
4475.7 -5024.2 -3.7 101 0 8.6 13.8 5.0 2.5 2 1 2 4 4
4496.4 -4985.0 -4.1 102 0 9.1 13.7 5.0 2.5 4 1 2 2 2
4507.1 -4986.2 -4.2 100 0 9.3 12.1 7.5 2.5 2 1 3 4 4
4455.8 -4974.4 -4.4 105 0 9.1 14.4 5.0 2.5 2 1 2 1 1
4437.1 -4968.9 -4.6 106 0 6.7 13.1 5.0 2.5 2 1 2 3 3
4486.3 -4982.6 -4.2 103 0 8.7 13.6 5.0 2.5 2 1 2 1 1
4495.7 -5029.7 -3.6 103 0 8.5 15.4 7.5 2.5 2 1 3 1 1
4445.6 -5016.4 -3.9 104 0 8.7 13.8 5.0 0.0 0 1 2 4 4
4525.5 -5346.7 0.3 104 0 16.0 16.8 10.0 2.5 4 1 4 0 0
4492.6 -5249.4 -0.7 283 0 14.5 18.6 10.0 0.0 0 1 4 5 5
4801.7 -5201.9 -7.2 109 0 15.1 16.3 7.5 2.5 2 1 3 5 5
4540.6 -5262.8 -0.7 284 0 12.8 17.0 5.0 2.5 2 1 2 4 4
4772.7 -5191.3 -6.6 109 0 14.0 15.8 7.5 2.5 2 1 3 2 2
4507.8 -5341.9 0.4 104 0 14.7 15.7 7.5 0.0 0 1 3 2 2
4557.2 -5305.8 -0.6 104 0 10.5 16.6 5.0 2.5 2 1 2 4 4
4544.9 -5351.7 0.0 104 0 13.0 17.0 2.5 2.5 2 1 1 2 2
4509.5 -5253.9 -0.5 284 0 12.4 18.1 7.5 2.5 2 1 3 4 4
4880.5 -5239.8 -7.6 293 0 10.0 20.8 7.5 2.5 2 1 3 3 3
4781.9 -5058.4 -7.7 290 0 12.7 20.0 10.0 2.5 2 1 4 1 1
4743.3 -5181.2 -6.0 109 0 14.6 16.7 7.5 0.0 0 1 3 1 1
4787.5 -5196.6 -6.9 108 0 14.1 15.9 10.0 2.5 4 1 4 4 4
4524.9 -5258.4 -0.6 283 0 12.7 17.2 10.0 2.5 2 1 4 2 2
4758.0 -5186.5 -6.3 109 0 14.1 16.3 5.0 2.5 2 1 2 2 2
4492.1 -5302.4 -0.1 284 0 22.8 16.2 7.5 2.5 2 0 3 1 1
4558.2 -5268.6 -0.8 284 0 16.5 16.2 7.5 2.5 2 0 3 2 2
5532.7 -5748.2 -13.9 298 0 13.7 21.6 10.0 2.5 2 1 4 2 2
5122.9 -5430.3 -7.5 18 0 14.2 22.8 12.5 2.5 2 1 5 3 3
5590.0 -5790.9 -14.6 30 0 23.0 14.1 7.5 2.5 2 0 3 0 0
5650.2 -5630.2 -13.3 21 0 7.9 10.5 5.0 2.5 2 1 2 5 5
5327.4 -5201.1 -10.8 100 0 6.7 7.4 5.0 2.5 2 1 2 2 2
5519.6 -5741.9 -13.8 299 0 12.6 21.1 10.0 2.5 2 1 4 3 3
5371.1 -5211.4 -11.3 103 0 10.0 23.8 7.5 2.5 2 1 3 0 0
5574.1 -5782.7 -14.4 30 0 24.7 12.3 5.0 2.5 2 0 2 3 3
5547.0 -5754.2 -14.1 297 0 12.3 25.4 10.0 2.5 2 1 4 4 4
5360.7 -5209.9 -11.2 104 0 8.3 23.9 2.5 2.5 2 1 1 5 5
5127.6 -5413.4 -7.7 16 0 18.3 20.8 7.5 2.5 2 1 3 5 5
5411.5 -5122.3 -12.7 276 0 13.8 12.2 7.5 2.5 2 0 3 4 4
5560.6 -5776.6 -14.3 31 0 23.6 14.3 7.5 2.5 2 0 3 3 3
5391.6 -5149.3 -12.2 189 0 15.2 8.6 2.5 2.5 2 0 1 1 1
6099.8 -5499.6 -11.6 208 0 22.6 12.3 10.0 2.5 2 0 4 1 1
6152.1 -5203.3 -14.2 107 0 12.2 14.1 2.5 2.5 4 1 1 0 0
6389.2 -5323.0 -15.3 121 0 16.0 26.7 10.0 2.5 2 1 4 0 0
6293.8 -5313.7 -14.4 31 0 17.4 14.2 2.5 2.5 2 0 1 3 3
5746.7 -4790.4 -18.1 10 0 11.7 9.6 2.5 2.5 2 0 1 0 0
5735.9 -4905.7 -16.7 195 0 19.5 19.6 5.0 2.5 2 1 2 5 5
6256.5 -5261.4 -14.5 119 0 13.7 10.8 7.5 2.5 2 0 3 1 1
5717.5 -5092.0 -14.0 107 0 17.2 11.0 5.0 2.5 2 0 2 1 1
6218.0 -5332.4 -13.8 118 0 15.3 17.4 7.5 2.5 2 1 3 4 4
5782.5 -5135.6 -13.2 278 0 11.8 23.3 7.5 2.5 4 1 3 5 5
6404.5 -5277.3 -15.6 29 0 16.3 15.2 2.5 0.0 0 0 1 5 5
6209.0 -5566.2 -12.0 119 0 14.3 16.4 2.5 2.5 2 1 1 2 2
5736.2 -5109.6 -13.8 107 0 24.7 12.0 10.0 2.5 2 0 4 5 5
5721.7 -5078.4 -14.3 104 0 11.1 20.1 5.0 0.0 0 1 2 5 5
6410.8 -5250.5 -15.7 302 0 15.5 14.2 10.0 2.5 2 0 4 1 1
5812.4 -5134.1 -13.1 103 0 14.8 24.1 7.5 2.5 2 1 3 4 4
4802.8 -4645.8 -11.7 96 0 11.4 16.1 2.5 2.5 2 1 1 2 2
5742.7 -4691.5 -19.3 183 0 14.2 16.4 5.0 2.5 2 1 2 2 2
5067.5 -4638.5 -16.1 88 0 4.9 7.6 7.5 2.5 2 1 3 3 3
5013.0 -4647.2 -15.1 270 0 7.8 9.6 5.0 2.5 4 1 2 0 0
5697.7 -4727.8 -19.5 13 0 25.1 15.7 12.5 2.5 2 0 5 5 5
5145.0 -4645.1 -16.8 101 0 8.5 14.0 7.5 2.5 2 1 3 5 5
5154.0 -4649.0 -16.8 109 0 10.4 13.2 5.0 2.5 4 1 2 1 1
5129.4 -4655.1 -16.4 288 0 10.8 10.9 5.0 2.5 2 1 2 4 4
5148.2 -4648.2 -16.6 290 0 6.1 11.7 7.5 2.5 2 1 3 2 2
4773.5 -4615.4 -11.5 91 0 4.6 9.7 7.5 2.5 2 1 3 1 1
4964.7 -4644.8 -14.9 87 0 9.2 13.6 5.0 2.5 2 1 2 4 4
5039.2 -4645.2 -15.6 266 0 12.0 10.7 2.5 2.5 4 0 1 0 0
5672.0 -4735.0 -19.4 101 0 8.0 23.0 5.0 0.0 0 1 2 2 2
4999.6 -4713.7 -14.6 92 0 18.5 23.0 7.5 2.5 2 1 3 0 0
5033.0 -4662.9 -15.3 271 0 10.1 22.2 5.0 2.5 2 1 2 1 1
4763.4 -4614.7 -11.4 93 0 4.2 8.2 2.5 2.5 2 1 1 1 1
5139.5 -4645.6 -16.5 287 0 9.7 11.4 5.0 2.5 4 1 2 2 2
5697.4 -4991.4 -15.4 8 0 11.9 18.9 5.0 2.5 2 1 2 1 1
4952.8 -4646.4 -14.8 92 0 9.8 14.3 2.5 2.5 4 1 1 3 3
5106.7 -4634.8 -16.5 2 0 7.1 10.8 2.5 2.5 4 1 1 5 5
4976.6 -4692.4 -14.5 182 0 8.0 11.3 2.5 2.5 4 1 1 3 3
5117.5 -4638.6 -16.6 93 0 5.0 8.9 7.5 2.5 4 1 3 5 5
5128.4 -4640.9 -16.7 96 0 5.2 12.2 7.5 2.5 2 1 3 2 2
4798.4 -4577.7 -12.1 274 0 8.1 10.5 5.0 2.5 2 1 2 3 3
4976.1 -4649.1 -14.9 269 0 23.1 20.9 5.0 2.5 2 0 2 3 3
4986.6 -4754.6 -13.9 183 0 13.0 10.1 7.5 2.5 2 0 3 4 4
5009.7 -4785.1 -13.9 184 0 17.0 8.7 5.0 2.5 2 0 2 1 1
4792.3 -4605.4 -11.9 98 0 6.4 14.1 2.5 2.5 2 1 1 3 3
4737.6 -4606.7 -11.3 194 0 10.5 4.8 7.5 2.5 2 0 3 3 3
5359.6 -5082.0 -12.5 282 0 18.0 15.2 10.0 2.5 2 0 4 4 4
5315.6 -5065.8 -12.4 289 0 8.7 16.4 7.5 2.5 2 1 3 4 4
4766.9 -4575.5 -11.9 275 0 5.2 11.1 7.5 2.5 2 1 3 2 2
5102.3 -4639.6 -16.4 271 0 12.2 17.5 7.5 2.5 2 1 3 5 5
4779.7 -4574.6 -12.0 274 0 5.2 12.9 7.5 0.0 0 1 3 1 1
5440.5 -5093.1 -13.5 111 0 7.8 17.5 5.0 2.5 4 1 2 0 0
5020.7 -4736.5 -14.4 273 0 18.0 25.4 7.5 0.0 0 1 3 4 4
5113.4 -4640.4 -16.5 273 0 7.4 9.5 2.5 2.5 4 1 1 0 0
4990.3 -4769.1 -14.0 181 0 13.1 27.4 10.0 2.5 4 1 4 0 0
5025.1 -4646.4 -15.3 271 0 14.2 9.8 7.5 2.5 2 0 3 0 0
5086.8 -4640.1 -16.4 269 0 13.5 15.3 7.5 2.5 2 1 3 4 4
5307.3 -5059.8 -12.4 289 0 9.1 18.2 7.5 2.5 2 1 3 0 0
5122.1 -4642.0 -16.5 284 0 5.0 9.0 5.0 2.5 2 1 2 0 0
4775.7 -4604.6 -11.8 94 0 6.1 13.8 5.0 2.5 2 1 2 2 2
4742.6 -6698.6 -11.4 181 0 7.5 26.8 7.5 2.5 2 1 3 0 0
4309.8 -6092.6 -11.4 179 0 18.6 14.8 7.5 2.5 2 0 3 2 2
4798.1 -6685.2 -12.0 8 0 9.9 8.9 7.5 2.5 4 0 3 3 3
4801.4 -6694.4 -11.9 7 0 5.8 13.2 7.5 2.5 2 1 3 3 3
6429.7 -6254.5 -16.0 207 0 12.6 11.6 5.0 2.5 2 0 2 5 5
6435.4 -6287.8 -16.6 203 0 21.5 9.8 5.0 2.5 4 0 2 4 4
6161.6 -6188.6 -20.5 199 0 9.4 23.8 2.5 2.5 2 1 1 1 1
4768.9 -6672.8 -12.0 184 0 19.4 17.6 10.0 2.5 2 0 4 0 0
6168.3 -6148.6 -20.4 108 0 5.2 9.5 5.0 2.5 2 1 2 0 0
4322.0 -5907.4 -10.6 354 0 6.5 5.3 5.0 2.5 2 0 2 2 2
4762.3 -6598.4 -12.9 89 0 8.7 18.2 7.5 2.5 2 1 3 1 1
4320.7 -5917.8 -10.9 175 0 11.9 3.7 7.5 2.5 2 0 3 5 5
4752.4 -6592.5 -12.7 90 0 6.4 12.9 7.5 2.5 2 1 3 1 1
5560.9 -5211.4 -11.8 17 0 14.6 7.9 5.0 2.5 2 0 2 3 3
5542.1 -5328.5 -10.0 13 0 13.8 11.9 5.0 2.5 2 0 2 5 5
5513.5 -5217.7 -11.6 107 0 6.3 10.3 7.5 2.5 2 1 3 2 2
5577.8 -5299.7 -10.5 13 0 9.9 21.0 2.5 2.5 2 1 1 0 0
5506.8 -5241.5 -11.2 100 0 5.9 7.8 7.5 2.5 2 1 3 2 2
5466.1 -5220.5 -11.5 96 0 9.0 11.1 5.0 2.5 2 1 2 3 3
5508.0 -5215.1 -11.6 106 0 4.6 8.2 5.0 2.5 2 1 2 5 5
5550.8 -5202.0 -11.8 288 0 8.1 13.2 5.0 2.5 2 1 2 0 0
5544.5 -5246.4 -11.2 109 0 8.0 10.3 5.0 2.5 2 1 2 2 2
5482.3 -5217.8 -11.5 101 0 11.7 8.8 2.5 2.5 2 0 1 0 0
5495.8 -5225.3 -11.5 105 0 13.1 11.0 5.0 2.5 2 0 2 0 0
5484.5 -5208.3 -11.7 103 0 11.4 8.8 2.5 2.5 2 0 1 2 2
5553.5 -5330.9 -9.9 14 0 13.4 10.7 7.5 2.5 4 0 3 1 1
5494.6 -5152.7 -12.4 293 0 14.1 8.2 7.5 2.5 2 0 3 2 2
5688.8 -5144.0 -13.0 190 0 8.4 11.6 5.0 2.5 4 1 2 3 3
5630.2 -5176.3 -12.6 92 0 6.7 16.8 5.0 2.5 2 1 2 1 1
5440.4 -5157.8 -12.2 280 0 4.8 9.8 2.5 2.5 2 1 1 0 0
5688.4 -5148.9 -12.8 274 0 6.1 12.8 2.5 2.5 2 1 1 5 5
5466.4 -5164.5 -12.2 277 0 11.8 10.3 5.0 2.5 4 0 2 5 5
5619.9 -5176.9 -12.6 94 0 9.4 20.0 5.0 2.5 2 1 2 5 5
5649.1 -5137.0 -13.0 6 0 8.0 15.8 5.0 2.5 2 1 2 0 0
5647.2 -5172.8 -12.5 1 0 11.6 12.1 7.5 2.5 2 1 3 3 3
5446.8 -5160.9 -12.2 280 0 7.8 7.5 7.5 2.5 2 0 3 1 1
5627.5 -5108.7 -13.3 281 0 18.9 14.8 7.5 2.5 2 0 3 0 0
5585.8 -5113.4 -13.2 281 0 7.4 8.2 2.5 2.5 2 1 1 0 0
5528.1 -5185.8 -12.0 287 0 6.3 9.4 5.0 2.5 2 1 2 0 0
5454.4 -5162.5 -12.2 276 0 6.7 7.7 5.0 2.5 2 1 2 5 5
5585.1 -5143.1 -12.8 97 0 14.4 7.6 7.5 2.5 2 0 3 1 1
5650.0 -5123.1 -13.3 5 0 17.9 14.3 10.0 2.5 2 0 4 3 3
5598.2 -5084.9 -13.9 90 0 8.9 14.3 2.5 2.5 2 1 1 4 4
5523.7 -5158.0 -12.4 288 0 17.3 8.6 5.0 2.5 2 0 2 5 5
5524.4 -5056.4 -14.0 20 0 10.4 7.2 7.5 2.5 2 0 3 4 4
5584.5 -5195.9 -12.0 5 0 8.5 9.9 5.0 2.5 2 1 2 2 2
5576.1 -5110.4 -13.2 276 0 9.9 26.0 7.5 2.5 2 1 3 2 2
5587.7 -4937.3 -15.9 290 0 9.1 15.6 7.5 2.5 2 1 3 0 0
5535.8 -5187.9 -11.9 288 0 6.4 9.0 5.0 2.5 2 1 2 5 5
5509.3 -5050.6 -14.0 11 0 9.6 5.4 5.0 2.5 2 0 2 4 4
5391.0 -5016.0 -13.7 202 0 7.3 8.8 7.5 2.5 2 1 3 3 3
5599.8 -5043.1 -14.5 98 0 7.7 16.6 2.5 2.5 2 1 1 0 0
5482.6 -4967.8 -15.2 195 0 9.7 6.7 7.5 2.5 2 0 3 5 5
5572.5 -5086.3 -13.6 288 0 8.3 10.6 5.0 2.5 2 1 2 5 5
5516.2 -5051.8 -14.0 11 0 9.1 5.7 2.5 2.5 2 0 1 1 1
5421.7 -5082.9 -13.5 111 0 8.1 14.3 5.0 2.5 2 1 2 1 1
5471.9 -4950.7 -15.5 197 0 10.8 11.7 7.5 2.5 2 1 3 0 0
5461.2 -5011.5 -14.5 202 0 7.8 12.8 7.5 2.5 2 1 3 3 3
5447.2 -5202.0 -11.7 111 0 9.0 12.0 7.5 2.5 2 1 3 5 5
5446.4 -5172.7 -12.0 286 0 10.9 14.3 5.0 2.5 2 1 2 3 3
5454.6 -4977.6 -14.9 286 0 10.0 12.2 5.0 2.5 2 1 2 0 0
5577.5 -5176.9 -12.2 197 0 6.5 7.6 7.5 2.5 2 1 3 0 0
5418.8 -5184.4 -12.0 100 0 12.0 17.9 5.0 2.5 2 1 2 3 3
5438.0 -5198.5 -11.8 108 0 9.4 11.8 7.5 2.5 2 1 3 3 3
5458.6 -5175.3 -12.0 284 0 10.4 16.1 7.5 0.0 0 1 3 3 3
5405.5 -5179.8 -12.0 99 0 9.9 15.9 5.0 2.5 4 1 2 3 3
5430.8 -5186.3 -12.0 101 0 9.3 14.1 5.0 2.5 2 1 2 1 1
5451.3 -5146.3 -12.4 281 0 12.9 7.7 5.0 2.5 2 0 2 0 0
5750.3 -4930.2 -16.2 196 0 13.8 10.3 10.0 2.5 4 0 4 4 4
6011.2 -6361.3 -21.2 293 0 11.0 18.0 2.5 2.5 2 1 1 0 0
6038.4 -6422.9 -20.8 293 0 11.0 19.7 5.0 2.5 2 1 2 5 5
6414.8 -5945.3 -15.7 209 0 28.6 18.1 10.0 2.5 2 0 4 0 0
5972.9 -6406.7 -21.2 203 0 18.8 10.7 5.0 2.5 2 0 2 2 2
6431.5 -6376.5 -16.3 200 0 11.3 9.7 2.5 2.5 2 0 1 5 5
4741.5 -6593.3 -12.6 91 0 6.4 15.4 7.5 2.5 4 1 3 2 2
4556.3 -6398.7 -12.4 122 0 17.1 13.1 10.0 2.5 2 0 4 5 5
6488.5 -6363.8 -16.1 200 0 11.2 16.4 5.0 2.5 2 1 2 3 3
6068.3 -6384.2 -20.8 293 0 11.5 18.4 2.5 2.5 2 1 1 1 1
6034.0 -6369.7 -21.0 293 0 10.9 19.2 5.0 0.0 0 1 2 2 2
6057.0 -6379.7 -20.9 293 0 11.2 18.2 2.5 2.5 2 1 1 0 0
6024.2 -6456.4 -20.8 113 0 10.9 16.1 5.0 2.5 2 1 2 5 5
6045.3 -6374.6 -20.9 293 0 11.2 18.8 10.0 2.5 2 1 4 2 2
4740.5 -6607.6 -12.3 97 0 5.0 13.2 5.0 2.5 2 1 2 1 1
6083.5 -6441.7 -20.5 293 0 11.0 19.7 5.0 2.5 2 1 2 1 1
6330.2 -6326.4 -16.8 276 0 8.6 11.5 5.0 2.5 2 1 2 5 5
6093.9 -6477.9 -20.3 113 0 9.2 11.8 7.5 2.5 2 1 3 3 3
6035.6 -6461.3 -20.7 113 0 11.0 15.9 2.5 2.5 2 1 1 0 0
4734.3 -6607.3 -12.3 98 0 5.4 14.3 5.0 2.5 2 1 2 5 5
6072.4 -6437.0 -20.6 293 0 10.7 19.6 5.0 2.5 2 1 2 0 0
6278.3 -6115.8 -17.0 198 0 7.1 7.1 7.5 2.5 2 0 3 4 4
6410.1 -6356.0 -16.6 19 0 23.9 39.3 12.5 0.0 0 1 5 3 3
6098.8 -6397.2 -20.6 293 0 8.4 18.5 7.5 2.5 2 1 3 4 4
6027.1 -6418.2 -20.9 293 0 11.2 19.5 2.5 2.5 2 1 1 5 5
6242.4 -6146.0 -18.1 196 0 16.8 16.6 7.5 2.5 2 0 3 3 3
6013.2 -6452.0 -20.9 113 0 9.4 16.1 7.5 2.5 2 1 3 1 1
6049.4 -6058.5 -22.5 23 0 57.3 64.5 10.0 0.0 0 1 4 5 5
4823.3 -6546.7 -14.3 288 0 18.1 38.3 7.5 2.5 2 1 3 5 5
6004.6 -6409.1 -21.0 293 0 11.4 19.3 7.5 2.5 4 1 3 0 0
6323.0 -5889.3 -15.5 124 0 68.5 23.4 7.5 0.0 0 0 3 2 2
6060.6 -6432.1 -20.7 293 0 10.4 19.5 2.5 2.5 2 1 1 2 2
6000.0 -6357.3 -21.2 293 0 10.0 17.6 7.5 2.5 2 1 3 0 0
6049.9 -6427.6 -20.7 293 0 11.4 19.9 5.0 2.5 2 1 2 4 4
6016.0 -6413.6 -20.9 293 0 11.5 19.9 2.5 2.5 4 1 1 2 2
6116.0 -6451.3 -20.3 293 0 8.0 34.0 7.5 2.5 4 1 3 3 3
6498.9 -6387.1 -16.0 104 0 18.2 11.6 7.5 2.5 2 0 3 3 3
6264.8 -6148.8 -17.5 201 0 24.2 15.2 10.0 0.0 0 0 4 4 4
5758.3 -4616.0 -20.0 276 0 7.6 9.4 5.0 2.5 2 1 2 1 1
6084.2 -4652.4 -19.1 1 0 14.0 13.0 5.0 2.5 2 0 2 2 2
5766.6 -4638.4 -19.9 5 0 17.1 16.1 10.0 2.5 2 0 4 5 5
6223.8 -6470.0 -19.3 200 0 15.5 8.6 5.0 2.5 2 0 2 2 2
6326.0 -6347.6 -17.0 285 0 8.5 11.1 5.0 2.5 2 1 2 5 5
6331.3 -6428.7 -17.9 34 0 19.3 16.2 10.0 2.5 2 0 4 4 4
6302.8 -6373.6 -17.1 275 0 8.9 12.0 5.0 2.5 4 1 2 4 4
6272.9 -6293.0 -17.8 20 0 7.5 8.5 5.0 2.5 2 1 2 1 1
6194.6 -6155.7 -19.7 207 0 9.2 9.1 7.5 0.0 0 0 3 2 2
6310.8 -6424.3 -17.6 24 0 12.9 11.6 7.5 2.5 2 0 3 5 5
6350.3 -5206.5 -15.6 305 0 15.2 22.9 10.0 2.5 2 1 4 5 5
6276.7 -5536.2 -12.6 295 0 14.5 21.2 7.5 2.5 2 1 3 2 2
6327.9 -5241.9 -15.3 121 0 14.9 17.9 12.5 2.5 2 1 5 3 3
5583.0 -5576.7 -11.9 300 0 8.9 17.2 5.0 2.5 2 1 2 1 1
5737.3 -5215.3 -12.2 3 0 30.0 16.6 10.0 2.5 2 0 4 4 4
5697.2 -5224.6 -11.8 2 0 9.6 6.3 5.0 0.0 0 0 2 3 3
6204.3 -5510.6 -12.3 208 0 21.4 13.6 7.5 2.5 2 0 3 2 2
6356.7 -5620.3 -12.8 27 0 34.7 38.2 10.0 0.0 0 1 4 3 3
5557.3 -5620.0 -12.2 121 0 7.6 11.8 2.5 2.5 2 1 1 2 2
5551.4 -5569.5 -11.7 210 0 10.4 16.2 5.0 2.5 2 1 2 2 2
6305.8 -5578.3 -12.8 118 0 13.8 24.1 7.5 2.5 2 1 3 1 1
5704.8 -5224.7 -11.8 6 0 11.0 6.2 7.5 0.0 0 0 3 5 5
5534.9 -5613.1 -12.0 119 0 17.4 18.6 10.0 2.5 2 1 4 3 3
5570.6 -5630.9 -12.5 121 0 23.4 12.0 7.5 2.5 2 0 3 5 5
5647.3 -5291.4 -10.9 105 0 11.0 17.8 5.0 2.5 4 1 2 4 4
5603.8 -5266.7 -11.0 194 0 15.2 9.7 7.5 2.5 4 0 3 3 3
5628.0 -4973.8 -15.4 282 0 10.3 14.1 5.0 2.5 2 1 2 2 2
5608.9 -5234.6 -11.5 189 0 12.6 11.4 7.5 2.5 4 0 3 3 3
6127.9 -6300.4 -20.8 198 0 30.1 45.2 7.5 0.0 0 1 3 0 0
6220.6 -6163.3 -18.9 197 0 25.4 32.5 12.5 0.0 0 1 5 4 4
6148.3 -6439.4 -20.4 109 0 25.7 53.3 7.5 2.5 2 1 3 2 2
6375.7 -6261.0 -15.6 2 0 9.9 11.0 7.5 2.5 2 1 3 1 1
4317.2 -6161.5 -10.8 180 0 11.0 7.4 7.5 2.5 2 0 3 2 2
6450.0 -6363.9 -16.3 199 0 13.8 15.0 5.0 2.5 2 1 2 2 2
4337.8 -6228.1 -10.9 12 0 19.0 7.5 5.0 2.5 2 0 2 5 5
6320.9 -6043.7 -16.3 277 0 9.5 22.5 7.5 2.5 2 1 3 3 3
4767.6 -6562.2 -13.2 270 0 4.5 10.6 5.0 2.5 4 1 2 3 3
4837.5 -6511.1 -15.0 288 0 13.4 36.9 7.5 2.5 2 1 3 4 4
6206.9 -6081.6 -19.4 26 0 14.4 12.4 10.0 2.5 2 0 4 5 5
4762.9 -6622.1 -12.6 193 0 18.2 17.3 10.0 2.5 2 0 4 1 1
4318.9 -5874.8 -10.0 358 0 15.2 6.4 7.5 2.5 2 0 3 0 0
4318.1 -5862.2 -9.5 357 0 6.6 8.3 5.0 2.5 2 1 2 2 2
4315.0 -6137.1 -10.8 167 0 7.4 4.1 2.5 2.5 2 0 1 4 4
6159.8 -6572.2 -19.8 12 0 10.1 23.5 7.5 2.5 2 1 3 5 5
4745.3 -6618.9 -12.3 188 0 15.1 13.2 5.0 2.5 2 0 2 1 1
6754.0 -6479.3 -13.7 105 0 10.6 16.7 5.0 0.0 0 1 2 4 4
6769.5 -6467.3 -13.6 284 0 10.2 6.2 5.0 2.5 2 0 2 2 2
6824.4 -6365.7 -13.0 201 0 11.0 17.0 5.0 2.5 2 1 2 4 4
6782.0 -6470.9 -13.5 285 0 11.9 15.8 7.5 2.5 2 1 3 5 5
6917.0 -6429.1 -12.6 197 0 23.5 9.8 2.5 2.5 2 0 1 5 5
5648.5 -5094.4 -13.8 91 0 12.4 11.1 2.5 2.5 2 0 1 1 1
5714.4 -5215.3 -12.4 93 0 7.5 32.6 7.5 2.5 2 1 3 4 4
5712.5 -5107.8 -13.5 287 0 19.4 24.0 7.5 2.5 2 1 3 1 1
5692.4 -5203.8 -12.2 185 0 22.9 8.5 7.5 2.5 2 0 3 1 1
5363.7 -5065.6 -12.7 283 0 19.1 14.8 7.5 2.5 2 0 3 5 5
5689.1 -5192.2 -12.2 276 0 7.1 22.5 5.0 2.5 2 1 2 3 3
5671.0 -5114.3 -13.6 107 0 12.7 17.4 7.5 2.5 2 1 3 0 0
5531.3 -5083.4 -13.6 6 0 8.5 13.9 7.5 2.5 2 1 3 3 3
5671.4 -5186.2 -12.4 182 0 14.7 13.7 10.0 2.5 2 0 4 0 0
5514.7 -5086.3 -13.5 11 0 8.8 9.1 5.0 2.5 2 1 2 4 4
5660.2 -5110.9 -13.6 105 0 8.5 17.4 5.0 2.5 2 1 2 4 4
5549.1 -5084.2 -13.7 96 0 8.5 13.2 7.5 2.5 2 1 3 0 0
5709.9 -5018.2 -15.0 197 0 17.6 14.7 7.5 2.5 2 0 3 4 4
5680.9 -5088.2 -14.0 20 0 19.4 20.5 10.0 0.0 0 1 4 0 0
5657.6 -5188.2 -12.4 183 0 24.5 13.2 10.0 0.0 0 0 4 4 4
5367.6 -5059.0 -13.1 108 0 13.1 15.9 10.0 2.5 4 1 4 0 0
6195.5 -5558.7 -11.9 118 0 14.0 16.4 2.5 2.5 2 1 1 2 2
5620.3 -5241.9 -11.4 188 0 16.0 10.0 7.5 2.5 2 0 3 4 4
5594.1 -5241.8 -11.5 186 0 26.6 9.7 7.5 0.0 0 0 3 5 5
5725.5 -5019.5 -15.1 197 0 29.9 15.5 7.5 2.5 4 0 3 1 1
5792.3 -5133.1 -13.3 104 0 13.6 22.2 5.0 2.5 2 1 2 5 5
5518.7 -5166.7 -12.3 288 0 21.5 12.6 7.5 2.5 2 0 3 1 1
5640.3 -5102.4 -13.6 183 0 15.7 15.8 5.0 0.0 0 1 2 5 5
5648.3 -5082.4 -14.1 90 0 12.3 18.8 5.0 2.5 4 1 2 5 5
5753.2 -5128.8 -13.3 278 0 16.5 35.7 12.5 2.5 2 1 5 2 2
4742.1 -4591.8 -11.5 200 0 16.2 6.7 5.0 2.5 2 0 2 3 3
5521.8 -5129.5 -13.0 23 0 21.2 6.5 7.5 0.0 0 0 3 0 0
4732.8 -4595.7 -11.5 199 0 26.5 7.2 7.5 0.0 0 0 3 2 2
5709.9 -4941.7 -16.2 20 0 18.2 13.0 2.5 2.5 2 0 1 5 5
5403.2 -4985.3 -14.4 200 0 13.0 22.1 7.5 2.5 2 1 3 2 2
5726.1 -4957.5 -15.9 194 0 15.4 18.1 7.5 2.5 2 1 3 4 4
4756.6 -4574.0 -11.8 290 0 5.4 10.9 5.0 2.5 4 1 2 3 3
5551.8 -5129.2 -13.0 188 0 15.5 7.5 5.0 2.5 4 0 2 4 4
6039.7 -4670.0 -18.7 87 0 11.3 13.9 5.0 2.5 2 1 2 5 5
5726.2 -4920.8 -16.6 3 0 24.1 11.6 10.0 2.5 2 0 4 3 3
5417.5 -4970.4 -14.8 202 0 13.7 12.5 7.5 2.5 2 0 3 1 1
5687.3 -5092.4 -13.8 189 0 14.5 15.5 2.5 2.5 2 1 1 4 4
5465.4 -4977.2 -15.0 280 0 9.4 17.0 5.0 2.5 4 1 2 2 2
5370.2 -5005.2 -13.5 292 0 11.4 17.4 5.0 2.5 2 1 2 5 5
5613.2 -5122.7 -13.1 284 0 22.0 20.4 7.5 2.5 4 0 3 3 3
5696.8 -5060.2 -14.3 190 0 16.9 15.9 7.5 2.5 2 0 3 5 5
5602.9 -5162.4 -12.8 98 0 23.7 18.8 10.0 2.5 2 0 4 0 0
5581.6 -5084.5 -13.6 284 0 6.8 24.9 5.0 2.5 4 1 2 1 1
5684.1 -5108.4 -13.6 195 0 14.8 16.6 5.0 2.5 2 1 2 5 5
5690.7 -5076.2 -14.1 190 0 15.5 17.0 10.0 2.5 2 1 4 5 5
5545.8 -5159.7 -12.7 97 0 16.5 22.3 12.5 2.5 4 1 5 3 3
4761.7 -4575.3 -11.8 286 0 4.5 10.7 2.5 2.5 2 1 1 1 1
5730.7 -4929.7 -16.3 193 0 9.3 17.9 7.5 2.5 2 1 3 5 5
5940.4 -4667.8 -19.1 99 0 12.6 23.0 10.0 2.5 2 1 4 1 1
6601.5 -6082.4 -15.2 189 0 34.3 13.9 7.5 2.5 2 0 3 5 5
6619.2 -6046.7 -15.1 191 0 8.3 20.3 7.5 2.5 4 1 3 0 0
6552.6 -6247.7 -15.8 11 0 23.0 15.5 10.0 2.5 2 0 4 4 4
6547.8 -5933.7 -14.4 200 0 11.1 16.3 2.5 2.5 2 1 1 0 0
6576.7 -6131.9 -15.5 102 0 11.9 11.7 7.5 0.0 0 0 3 3 3
6564.0 -6205.3 -15.8 12 0 14.4 25.9 7.5 2.5 2 1 3 1 1
6587.3 -6145.5 -15.3 194 0 19.5 9.9 5.0 2.5 2 0 2 0 0
6596.0 -6124.0 -15.2 190 0 23.2 11.8 7.5 2.5 4 0 3 5 5
6582.7 -6266.9 -15.3 101 0 9.5 19.3 7.5 0.0 0 1 3 2 2
6551.4 -6149.2 -15.6 195 0 4.2 10.3 5.0 0.0 0 1 2 1 1
6619.6 -6030.5 -15.0 188 0 7.5 22.5 7.5 0.0 0 1 3 3 3
6561.6 -6104.5 -15.5 194 0 18.6 14.2 10.0 2.5 2 0 4 2 2
6602.2 -6106.6 -15.2 188 0 8.6 9.6 7.5 2.5 2 1 3 1 1
6679.5 -6034.2 -14.6 281 0 23.6 25.2 7.5 2.5 2 1 3 4 4
5499.5 -5182.4 -12.0 299 0 9.8 15.8 7.5 2.5 2 1 3 5 5
5003.8 -4720.2 -14.3 272 0 13.6 22.1 10.0 2.5 2 1 4 0 0
5247.4 -5432.2 -8.3 201 0 21.0 14.2 7.5 2.5 2 0 3 1 1
5503.8 -5175.2 -12.1 297 0 8.1 7.4 7.5 2.5 2 0 3 0 0
5639.5 -5211.3 -11.8 270 0 10.4 16.6 5.0 2.5 2 1 2 0 0
5668.6 -5639.5 -13.7 11 0 11.6 17.4 5.0 2.5 2 1 2 0 0
5665.5 -5618.9 -13.3 96 0 18.5 10.9 2.5 2.5 2 0 1 2 2
5687.6 -5529.2 -12.2 1 0 11.5 19.7 2.5 2.5 2 1 1 0 0
5547.8 -5164.1 -12.3 286 0 7.6 18.4 2.5 2.5 2 1 1 1 1
5689.7 -5505.7 -11.8 1 0 12.9 18.4 2.5 0.0 0 1 1 1 1
5665.4 -5652.4 -13.8 15 0 9.7 16.7 5.0 2.5 2 1 2 5 5
5638.4 -5144.8 -12.9 3 0 7.5 10.7 5.0 2.5 2 1 2 0 0
5669.6 -5595.7 -13.0 94 0 18.5 11.7 5.0 2.5 2 0 2 0 0
5690.6 -5244.3 -11.6 4 0 23.3 13.9 10.0 2.5 2 0 4 2 2
5671.7 -5627.6 -13.5 12 0 11.7 17.9 2.5 2.5 4 1 1 3 3
5666.4 -5607.2 -13.2 95 0 18.7 11.1 5.0 2.5 2 0 2 0 0
5692.2 -5493.0 -11.6 1 0 11.9 17.8 5.0 2.5 2 1 2 3 3
5670.6 -5583.3 -12.8 93 0 18.9 11.7 5.0 2.5 2 0 2 2 2
5556.0 -5228.5 -11.6 19 0 18.3 12.2 7.5 2.5 2 0 3 5 5
5545.1 -5183.4 -12.0 287 0 10.1 6.0 2.5 2.5 2 0 1 3 3
5575.9 -5166.7 -12.5 95 0 19.7 12.1 2.5 2.5 2 0 1 0 0
5682.1 -5565.3 -12.7 3 0 11.9 20.0 7.5 0.0 0 1 3 5 5
5685.8 -5217.1 -11.8 277 0 9.9 14.3 7.5 2.5 2 1 3 4 4
5335.9 -5202.4 -10.9 102 0 8.0 15.2 7.5 2.5 2 1 3 2 2
5438.3 -5137.0 -12.5 281 0 13.0 11.9 7.5 2.5 2 0 3 2 2
5721.7 -5151.3 -12.9 281 0 7.2 6.6 5.0 2.5 2 0 2 3 3
5816.2 -5140.0 -12.7 276 0 11.7 25.4 7.5 2.5 2 1 3 2 2
5718.0 -5228.5 -11.9 10 0 17.9 6.2 7.5 2.5 2 0 3 1 1
5010.4 -4666.3 -14.9 271 0 11.6 22.5 5.0 0.0 0 1 2 2 2
5542.7 -5221.5 -11.6 17 0 13.2 24.1 7.5 2.5 4 1 3 3 3
5802.8 -5138.6 -12.9 277 0 12.6 25.7 7.5 2.5 2 1 3 4 4
5378.7 -5168.2 -11.8 190 0 17.3 13.5 7.5 2.5 2 0 3 4 4
5340.3 -5162.6 -11.3 191 0 16.7 7.1 5.0 2.5 2 0 2 3 3
5251.1 -5408.3 -8.0 20 0 11.1 12.2 5.0 2.5 2 1 2 5 5
6018.4 -4673.4 -18.7 87 0 9.3 12.1 2.5 2.5 2 1 1 4 4
5977.5 -4676.2 -18.6 89 0 6.0 9.2 2.5 2.5 2 1 1 4 4
5998.6 -4675.1 -18.6 90 0 4.8 9.7 7.5 2.5 4 1 3 0 0
5571.8 -5362.2 -9.6 113 0 21.3 9.6 7.5 2.5 2 0 3 5 5
5578.6 -5319.1 -10.1 204 0 11.3 21.0 2.5 2.5 4 1 1 3 3
5611.6 -5086.8 -13.9 192 0 30.7 14.9 7.5 2.5 2 0 3 0 0
5391.8 -5203.6 -11.6 104 0 9.8 12.5 7.5 2.5 2 1 3 3 3
6008.2 -4647.5 -18.9 272 0 13.9 6.8 2.5 2.5 2 0 1 2 2
5621.5 -5181.3 -12.2 271 0 8.8 11.6 2.5 2.5 2 1 1 2 2
5354.3 -5055.8 -13.0 110 0 12.2 17.8 7.5 2.5 2 1 3 0 0
5554.0 -4957.2 -15.5 286 0 10.1 17.2 5.0 2.5 2 1 2 2 2
4810.5 -5059.8 -8.8 107 0 13.8 29.9 10.0 2.5 2 1 4 5 5
6309.4 -5200.7 -15.4 212 0 17.2 13.2 2.5 2.5 2 0 1 3 3
4843.8 -4554.9 -13.3 9 0 22.6 16.1 7.5 2.5 4 0 3 3 3
5478.6 -5136.1 -12.6 277 0 7.4 12.4 7.5 2.5 4 1 3 4 4
5486.5 -5143.9 -12.5 289 0 6.1 7.9 5.0 0.0 0 1 2 0 0
5601.2 -5176.0 -12.4 93 0 26.0 11.3 7.5 2.5 2 0 3 3 3
6725.6 -6221.0 -14.1 288 0 13.2 16.1 5.0 2.5 2 1 2 5 5
6903.9 -6721.6 -13.6 28 0 19.0 25.5 7.5 2.5 2 1 3 4 4
6856.3 -6718.4 -13.9 208 0 12.6 14.7 7.5 2.5 4 1 3 4 4
6721.2 -6209.2 -14.1 103 0 10.2 8.6 5.0 2.5 2 0 2 2 2
6831.3 -6344.7 -12.9 200 0 10.4 6.4 2.5 2.5 2 0 1 5 5
6915.2 -6748.2 -12.8 203 0 14.5 15.4 5.0 2.5 2 1 2 3 3
6908.5 -6704.6 -13.4 33 0 10.1 20.6 7.5 2.5 2 1 3 0 0
6724.5 -6493.5 -13.8 283 0 11.5 8.5 5.0 2.5 2 0 2 3 3
6713.0 -6186.0 -14.2 283 0 8.8 14.0 2.5 0.0 0 1 1 0 0
6530.8 -6485.8 -15.1 291 0 10.9 9.5 7.5 2.5 2 0 3 3 3
6822.1 -6335.2 -13.1 290 0 11.5 9.5 7.5 2.5 2 0 3 0 0
6752.6 -6215.2 -13.9 18 0 9.6 12.4 7.5 0.0 0 1 3 3 3
6545.2 -6070.3 -15.0 5 0 14.4 16.0 2.5 2.5 2 1 1 2 2
6534.3 -6137.1 -15.5 2 0 10.9 14.3 7.5 2.5 2 1 3 4 4
6723.6 -6187.0 -14.1 282 0 6.7 11.1 5.0 2.5 2 1 2 0 0
6728.4 -6207.7 -14.0 201 0 8.6 11.9 5.0 2.5 2 1 2 0 0
6819.2 -6378.7 -13.1 202 0 10.9 16.9 7.5 2.5 2 1 3 1 1
6814.8 -6388.7 -13.1 204 0 9.9 18.6 7.5 2.5 2 1 3 5 5
6793.6 -5433.0 -17.5 108 0 11.5 11.3 2.5 2.5 2 0 1 5 5
6869.2 -5475.4 -17.4 89 0 6.1 9.5 2.5 2.5 2 1 1 5 5
3956.0 -5822.4 -1.3 83 0 9.9 14.4 5.0 2.5 2 1 2 0 0
3968.1 -5821.2 -1.6 83 0 9.9 14.4 5.0 2.5 2 1 2 3 3
4019.3 -5781.2 -3.3 263 0 9.9 14.4 5.0 2.5 4 1 2 3 3
4030.9 -5779.4 -3.6 263 0 9.9 14.4 7.5 2.5 2 1 3 5 5
4055.0 -5777.0 -4.3 263 0 9.9 14.4 2.5 2.5 2 1 1 2 2
4023.4 -5812.7 -3.3 83 0 9.9 14.4 5.0 2.5 2 1 2 1 1
4061.5 -5821.6 -4.5 263 0 9.9 14.4 2.5 2.5 4 1 1 4 4
4037.4 -5851.5 -3.8 82 0 16.6 10.0 5.0 2.5 2 0 2 3 3
4060.3 -5848.4 -4.5 82 0 16.6 10.0 5.0 2.5 2 0 2 0 0
3950.7 -5847.1 -2.2 172 0 31.8 38.5 10.0 0.0 0 1 4 2 2
4054.2 -5763.2 -3.9 83 0 9.9 14.4 5.0 2.5 2 1 2 2 2
4041.5 -5764.8 -3.7 83 0 9.9 14.4 5.0 2.5 2 1 2 4 4
4029.6 -5766.6 -3.6 83 0 9.9 14.4 5.0 2.5 4 1 2 5 5
4025.7 -5735.3 -3.2 263 0 9.9 14.4 5.0 2.5 2 1 2 3 3
4027.0 -5686.1 -2.3 263 0 9.9 14.4 5.0 0.0 0 1 2 1 1
4045.4 -5715.0 -2.8 83 0 9.9 14.4 2.5 0.0 0 1 1 4 4
4041.4 -5683.7 -2.3 263 0 9.9 14.4 5.0 2.5 2 1 2 3 3
4080.6 -5798.4 -5.1 173 0 14.4 9.9 2.5 2.5 2 0 1 0 0
4078.4 -5781.4 -4.8 173 0 14.4 9.9 5.0 2.5 2 0 2 0 0
4098.2 -5803.8 -5.3 83 0 9.9 14.4 2.5 2.5 4 1 1 5 5
4094.2 -5772.6 -5.0 263 0 9.9 14.4 5.0 2.5 2 1 2 1 1
4106.9 -5770.4 -5.1 263 0 9.9 14.4 5.0 2.5 2 1 2 4 4
4123.4 -5800.3 -5.6 83 0 9.9 14.4 2.5 2.5 2 1 1 5 5
4135.2 -5799.4 -5.7 83 0 9.9 14.4 2.5 2.5 2 1 1 0 0
4131.3 -5768.2 -5.3 263 0 9.9 14.4 5.0 2.5 2 1 2 4 4
4101.0 -5817.0 -5.7 263 0 9.9 14.4 2.5 2.5 2 1 1 3 3
4113.1 -5815.7 -6.0 263 0 9.9 14.4 5.0 2.5 2 1 2 0 0
4135.9 -5811.5 -6.3 263 0 9.9 14.4 5.0 2.5 2 1 2 4 4
4116.1 -5842.9 -6.1 82 0 9.8 12.1 5.0 2.5 2 1 2 1 1
4081.9 -5758.7 -4.2 82 0 9.8 12.1 5.0 2.5 4 1 2 3 3
4119.9 -5853.4 -6.2 262 0 14.7 12.0 5.0 2.5 2 0 2 2 2
4099.7 -5843.2 -5.7 82 0 16.6 10.0 5.0 2.5 2 0 2 5 5
4124.3 -5754.4 -4.5 83 0 16.8 13.8 2.5 2.5 4 0 1 4 4
4100.4 -5757.6 -4.4 83 0 16.8 13.8 5.0 2.5 4 0 2 3 3
4156.8 -5743.8 -4.9 353 0 13.8 16.8 5.0 2.5 2 1 2 4 4
4089.9 -5660.3 -2.4 83 0 16.6 13.7 5.0 2.5 2 0 2 5 5
4107.2 -5657.6 -2.7 83 0 16.6 13.7 5.0 2.5 2 0 2 5 5
4081.6 -5709.2 -2.9 83 0 16.6 13.7 5.0 0.0 0 0 2 0 0
4176.7 -5641.2 -3.4 352 0 13.7 16.5 2.5 0.0 0 1 1 2 2
4152.6 -5651.6 -3.4 83 0 9.9 14.4 2.5 2.5 2 1 1 4 4
4138.5 -5654.0 -3.2 83 0 9.9 14.4 2.5 2.5 2 1 1 0 0
4127.8 -5704.7 -3.8 83 0 12.9 14.3 5.0 2.5 2 1 2 5 5
4072.2 -5736.7 -3.8 173 0 14.3 12.9 2.5 0.0 0 0 1 4 4
4109.5 -5725.3 -4.0 263 0 12.9 14.3 5.0 2.5 2 1 2 3 3
4123.9 -5723.9 -4.2 263 0 12.9 14.3 7.5 2.5 2 1 3 1 1
4138.6 -5721.7 -4.5 263 0 12.9 14.3 2.5 2.5 2 1 1 3 3
4160.8 -5724.7 -4.7 353 0 14.3 12.9 5.0 2.5 2 0 2 2 2
4147.5 -5702.2 -4.2 83 0 21.4 14.3 10.0 2.5 2 0 4 1 1
4101.7 -5854.4 -5.7 264 0 17.1 14.4 5.0 2.5 2 0 2 0 0
4110.4 -5891.8 -5.8 86 0 10.0 15.5 2.5 2.5 2 1 1 2 2
4161.2 -5902.2 -7.3 269 0 10.0 15.5 5.0 2.5 2 1 2 4 4
4173.2 -5900.8 -7.7 269 0 10.0 15.5 2.5 2.5 2 1 1 2 2
4187.8 -5921.8 -8.2 90 0 13.3 20.1 12.5 2.5 2 1 5 3 3
4163.4 -5888.2 -7.6 88 0 19.7 15.2 10.0 2.5 2 0 4 0 0
4194.5 -5880.4 -8.2 357 0 15.3 19.2 10.0 2.5 2 1 4 5 5
4067.7 -5687.8 -2.5 173 0 16.5 12.4 2.5 2.5 4 0 1 1 1
4064.3 -5655.1 -2.0 175 0 13.7 14.1 5.0 2.5 2 1 2 0 0
4063.8 -5634.6 -1.8 173 0 17.8 21.4 7.5 2.5 2 1 3 1 1
4095.6 -5626.1 -2.2 264 0 13.7 17.5 5.0 2.5 2 1 2 3 3
4110.8 -5620.7 -2.5 266 0 13.6 20.0 7.5 2.5 2 1 3 3 3
4126.1 -5617.9 -2.7 266 0 13.6 20.0 10.0 0.0 0 1 4 1 1
4140.7 -5616.2 -3.0 266 0 13.6 20.0 10.0 2.5 2 1 4 0 0
4155.6 -5614.3 -3.0 265 0 13.6 20.0 5.0 2.5 4 1 2 3 3
4178.8 -5621.7 -2.9 355 0 18.0 13.4 5.0 2.5 2 0 2 5 5
3947.7 -5800.3 -1.4 173 0 13.1 17.7 5.0 2.5 2 1 2 5 5
3942.4 -5770.5 -1.2 170 0 13.9 12.1 5.0 2.5 2 0 2 1 1
3995.8 -5738.9 -2.7 262 0 16.7 16.1 5.0 0.0 0 0 2 3 3
3979.6 -5690.7 -1.8 262 0 19.9 16.4 15.0 0.0 0 0 6 0 0
4015.8 -5718.4 -2.5 83 0 13.9 14.6 2.5 2.5 2 1 1 2 2
4009.5 -5670.3 -1.3 82 0 14.1 15.1 5.0 2.5 2 1 2 1 1
3994.2 -5673.8 -1.3 82 0 12.8 16.3 2.5 0.0 0 1 1 1 1
3980.2 -5675.2 -1.2 82 0 12.6 16.6 5.0 2.5 2 1 2 2 2
3975.0 -5636.9 -0.7 263 0 12.5 19.1 5.0 2.5 2 1 2 5 5
3989.4 -5635.5 -0.7 263 0 12.5 19.1 5.0 2.5 2 1 2 4 4
4005.4 -5634.6 -0.8 263 0 12.5 19.1 5.0 2.5 2 1 2 3 3
4020.5 -5632.7 -0.9 263 0 12.5 19.1 5.0 2.5 2 1 2 1 1
4034.8 -5629.6 -1.1 263 0 12.5 19.1 5.0 2.5 4 1 2 5 5
3972.2 -5621.1 0.3 82 0 12.7 14.7 5.0 2.5 4 1 2 3 3
3986.3 -5616.9 0.3 81 0 11.2 16.1 2.5 2.5 2 1 1 5 5
4001.3 -5615.1 0.1 83 0 13.5 20.9 10.0 2.5 4 1 4 0 0
4017.0 -5612.5 -0.1 83 0 14.0 18.0 7.5 2.5 2 1 3 0 0
4039.3 -5599.0 -0.4 353 0 16.3 14.9 5.0 0.0 0 0 2 1 1
4078.3 -5605.4 -1.3 82 0 13.5 15.4 2.5 2.5 2 1 1 1 1
4067.1 -5578.5 -0.9 174 0 17.5 12.6 5.0 2.5 2 0 2 1 1
4095.0 -5603.4 -1.6 83 0 12.4 16.5 2.5 2.5 2 1 1 5 5
4111.3 -5582.0 -1.5 84 0 10.3 15.1 5.0 0.0 0 1 2 4 4
4123.3 -5580.0 -1.5 84 0 10.2 15.1 2.5 2.5 2 1 1 4 4
4133.7 -5560.0 -1.4 265 0 10.2 18.0 5.0 2.5 2 1 2 0 0
4147.4 -5578.6 -1.4 85 0 10.3 20.1 5.0 2.5 2 1 2 3 3
4156.3 -5546.6 -1.3 266 0 10.2 29.7 15.0 0.0 0 1 6 3 3
4186.7 -5583.2 -1.8 353 0 14.5 20.3 10.0 2.5 2 1 4 2 2
4138.8 -5597.6 -2.1 85 0 12.7 16.9 5.0 2.5 4 1 2 5 5
4122.5 -5599.3 -2.0 85 0 12.7 16.9 7.5 2.5 2 1 3 3 3
4108.8 -5603.2 -1.8 84 0 12.3 19.2 5.0 2.5 2 1 2 0 0
3908.2 -5684.6 0.0 341 0 11.1 15.2 5.0 2.5 2 1 2 5 5
3912.7 -5696.5 -0.1 341 0 11.1 15.2 5.0 2.5 2 1 2 4 4
3919.5 -5732.5 -0.3 74 0 8.8 17.5 5.0 0.0 0 1 2 5 5
3916.6 -5745.8 -0.3 263 0 14.0 11.6 5.0 2.5 2 0 2 2 2
3934.1 -5799.4 -0.5 353 0 10.5 14.7 2.5 2.5 2 1 1 5 5
3937.8 -5822.7 -0.6 351 0 11.6 13.0 7.5 2.5 4 1 3 4 4
3941.1 -5839.6 -0.7 348 0 17.7 9.2 5.0 2.5 2 0 2 0 0
3943.4 -5854.7 -0.7 349 0 9.3 7.6 2.5 2.5 2 0 1 3 3
3962.6 -5881.2 -1.3 265 0 6.7 17.3 2.5 0.0 0 1 1 3 3
3549.9 -5696.2 2.6 357 0 10.1 57.6 7.5 0.0 0 1 3 0 0
4369.9 -5760.0 -8.0 175 0 39.7 127.7 12.5 0.0 0 1 5 2 2
4627.4 -5635.3 -7.0 105 0 35.5 131.1 12.5 0.0 0 1 5 3 3
4332.7 -5573.2 -3.3 352 0 25.8 36.2 7.5 0.0 0 1 3 4 4
4355.0 -5558.1 -2.6 48 0 19.1 27.2 12.5 2.5 4 1 5 5 5
4214.1 2472.4 7.7 87 0 10.5 21.6 7.5 2.5 2 1 3 3 3
4325.8 2372.6 6.0 186 0 14.4 16.2 10.0 2.5 4 1 4 0 0
4295.4 -1616.0 2.9 105 0 11.8 15.1 5.0 2.5 2 1 2 0 0
4314.3 -1619.2 3.0 100 0 13.3 13.8 5.0 2.5 4 1 2 0 0
4301.5 -1555.8 3.6 280 0 6.8 12.6 7.5 2.5 2 1 3 2 2
4345.4 -1691.1 2.2 8 0 11.9 10.2 7.5 2.5 2 0 3 5 5
4350.6 -1592.8 3.6 192 0 8.3 10.5 7.5 2.5 2 1 3 2 2
4160.1 -1654.1 1.2 296 0 10.0 11.8 7.5 2.5 2 0 3 3 3
4237.8 -1662.0 1.8 103 0 12.3 7.3 7.5 2.5 2 0 3 3 3
4280.4 -1701.4 1.5 258 0 8.1 13.0 5.0 2.5 2 1 2 4 4
4370.2 -1676.3 2.6 186 0 7.1 11.4 5.0 2.5 2 1 2 1 1
4323.5 -1638.8 2.7 281 0 7.6 7.9 7.5 2.5 2 1 3 1 1
4328.9 -1713.6 1.7 270 0 6.5 8.7 7.5 2.5 4 1 3 0 0
4283.3 -1535.3 3.7 276 0 9.2 13.9 5.0 2.5 4 1 2 0 0
4171.6 -1727.9 0.3 44 0 15.7 18.9 7.5 2.5 2 1 3 1 1
-1330.6 -3141.5 4.1 165 0 10.8 22.3 2.5 2.5 2 1 1 0 0
-1233.9 -2780.5 3.1 77 0 16.1 22.2 14.0 3.5 4 1 4 4 4
-519.0 -3488.6 -3.7 331 0 22.0 23.0 10.0 2.5 2 1 4 1 1
-1326.4 -3292.0 4.7 1 0 12.9 31.4 14.0 3.5 2 1 4 5 5
-1154.3 -2797.0 4.7 261 0 19.2 30.2 14.0 3.5 2 1 4 1 1
-1338.9 -2946.8 2.5 84 0 16.8 17.5 10.5 3.5 2 1 3 3 3
-1275.1 -2933.2 3.5 78 0 14.1 16.5 10.5 0.0 0 1 3 5 5
