3918.3 -3784.9 -0.6 322 0 37.7 56.1 7.5 0.0 0 1 3 2 2
3377.4 -1133.8 2.4 194 0 18.5 19.6 14.0 3.5 2 1 4 3 3
3396.8 -1154.5 3.4 187 0 12.4 20.2 14.0 0.0 0 1 4 1 1
3700.1 -1285.3 -0.1 93 0 12.5 9.7 10.5 3.5 2 0 3 4 4
3647.0 -1438.4 -6.0 90 0 7.5 14.3 10.5 3.5 2 1 3 3 3
3604.1 -2004.9 -8.0 354 0 17.9 12.2 14.0 3.5 2 0 4 2 2
3598.5 -1036.1 6.4 3 0 21.3 15.9 14.0 3.5 2 0 4 3 3
3538.6 -1446.1 -3.7 98 0 16.8 12.3 14.0 3.5 4 0 4 0 0
3558.4 -863.4 4.3 284 0 4.9 7.8 10.5 3.5 2 1 3 3 3
3776.3 -1639.1 -8.5 180 0 12.5 10.2 14.0 3.5 2 0 4 5 5
3617.0 -1090.0 5.7 274 0 9.8 5.1 10.5 3.5 2 0 3 5 5
3673.1 -1438.4 -5.9 90 0 7.5 7.3 10.5 3.5 2 0 3 3 3
3370.7 -1263.9 -0.3 188 0 8.9 6.3 10.5 3.5 2 0 3 2 2
3423.0 -1342.1 -2.7 188 0 13.1 16.8 14.0 3.5 4 1 4 0 0
3634.1 -1110.5 5.0 279 0 12.1 10.0 10.5 3.5 2 0 3 2 2
3772.6 -1668.9 -8.6 179 0 16.4 5.6 10.5 3.5 2 0 3 0 0
3651.9 -1253.3 1.0 103 0 9.6 3.8 10.5 0.0 0 0 3 5 5
3557.6 -1490.4 -3.1 98 0 9.6 11.9 10.5 3.5 2 1 3 0 0
3375.6 -1322.4 -1.2 189 0 9.7 7.5 10.5 3.5 2 0 3 0 0
3548.4 -1384.4 -4.2 94 0 16.6 13.0 14.0 3.5 2 0 4 2 2
3654.2 -1499.2 -6.4 96 0 7.2 15.8 10.5 3.5 2 1 3 5 5
3518.1 -1410.5 -4.2 100 0 10.6 17.0 14.0 3.5 2 1 4 0 0
3631.8 -1616.1 -5.6 76 0 9.5 10.7 10.5 3.5 2 1 3 5 5
3385.8 -1182.0 2.8 183 0 11.4 17.1 14.0 3.5 2 1 4 1 1
3751.6 -939.7 -0.9 271 0 11.1 75.2 14.0 3.5 2 1 4 5 5
3567.8 -1362.6 -3.4 1 0 5.9 6.7 10.5 0.0 0 1 3 1 1
3769.2 -1413.9 -5.1 359 0 13.8 14.2 14.0 3.5 2 1 4 4 4
3352.9 -1206.6 1.0 192 0 8.6 12.6 10.5 3.5 2 1 3 1 1
3521.1 -1390.4 -4.5 93 0 19.2 22.1 14.0 3.5 2 1 4 4 4
3761.8 -1032.1 -0.7 4 0 8.3 12.1 10.5 3.5 2 1 3 1 1
3847.6 -1496.4 -8.3 270 0 13.8 16.3 14.0 3.5 4 1 4 2 2
3673.1 -1240.8 1.3 13 0 9.0 9.2 10.5 0.0 0 1 3 4 4
3465.6 -1065.3 7.3 194 0 12.1 7.3 10.5 3.5 2 0 3 3 3
3686.6 -1559.0 -6.1 276 0 10.2 5.9 10.5 3.5 2 0 3 3 3
3399.0 -1106.9 4.1 189 0 5.2 10.4 10.5 3.5 2 1 3 1 1
3707.7 -1151.8 2.0 96 0 7.2 10.1 10.5 3.5 4 1 3 3 3
3796.7 -1641.2 -8.7 3 0 10.1 7.2 10.5 3.5 2 0 3 5 5
3415.3 -1172.6 3.2 182 0 10.1 14.2 14.0 3.5 2 1 4 1 1
3370.2 -1169.0 2.2 186 0 5.6 13.2 10.5 3.5 2 1 3 1 1
3784.1 -1437.9 -5.8 0 0 8.6 11.3 10.5 3.5 2 1 3 5 5
3700.7 -1017.5 1.5 193 0 8.4 9.4 10.5 3.5 2 1 3 5 5
3603.2 -1196.9 2.9 13 0 5.6 25.4 10.5 0.0 0 1 3 3 3
3720.3 -1502.2 -8.2 93 0 4.5 9.2 10.5 3.5 2 1 3 3 3
3577.0 -1634.8 -4.5 78 0 4.7 9.4 10.5 3.5 2 1 3 0 0
3663.1 -1189.3 3.2 11 0 9.7 22.6 10.5 3.5 2 1 3 5 5
3496.4 -1023.4 9.2 185 0 3.9 10.1 10.5 3.5 2 1 3 4 4
3817.5 -1629.1 -9.0 0 0 8.3 9.6 10.5 3.5 2 1 3 1 1
3657.7 -1544.4 -5.4 290 0 10.0 9.1 10.5 0.0 0 0 3 3 3
3579.4 -1344.5 -3.6 273 0 11.8 25.6 14.0 3.5 2 1 4 4 4
3513.9 -884.2 4.3 188 0 15.1 42.5 14.0 3.5 2 1 4 3 3
3756.8 -1640.5 -8.1 183 0 6.7 5.2 10.5 3.5 2 0 3 3 3
3527.5 -2022.0 -7.5 94 0 12.1 16.1 14.0 3.5 2 1 4 0 0
3419.6 -1271.0 -0.6 185 0 19.7 12.4 14.0 3.5 2 0 4 5 5
3830.6 -1664.1 -9.5 353 0 3.7 9.9 10.5 3.5 4 1 3 1 1
3774.1 -1533.3 -9.2 265 0 5.4 9.3 10.5 3.5 2 1 3 1 1
3587.1 -877.3 5.6 282 0 7.0 6.9 10.5 3.5 2 0 3 2 2
3763.4 -1615.4 -8.1 179 0 16.4 11.0 14.0 0.0 0 0 4 5 5
3369.8 -1346.0 -0.5 184 0 14.4 10.8 14.0 3.5 4 0 4 0 0
3640.8 -1614.9 -5.7 73 0 3.5 11.8 10.5 3.5 2 1 3 4 4
3547.2 -1191.9 3.0 97 0 6.7 28.6 10.5 3.5 2 1 3 0 0
3534.5 -1091.0 6.6 189 0 11.0 9.3 10.5 3.5 2 0 3 4 4
3540.1 -1415.5 -4.4 93 0 3.5 8.9 10.5 3.5 2 1 3 1 1
3566.7 -768.5 -0.7 277 0 5.6 8.5 7.5 2.5 2 1 3 2 2
3771.6 -1699.0 -8.6 93 0 7.6 13.1 10.5 3.5 4 1 3 2 2
3785.9 -1577.2 -8.3 359 0 8.4 6.0 10.5 3.5 4 0 3 1 1
3568.3 -1491.0 -3.3 97 0 6.7 10.3 10.5 3.5 2 1 3 3 3
3524.7 -1343.8 -2.9 4 0 11.6 8.2 10.5 3.5 2 0 3 0 0
3544.6 -1493.3 -3.0 278 0 11.8 12.2 14.0 3.5 2 1 4 2 2
3814.0 -1596.8 -8.7 1 0 9.1 11.2 10.5 3.5 2 1 3 5 5
3535.2 -1392.1 -4.5 92 0 7.6 10.7 10.5 3.5 2 1 3 3 3
3615.8 -1348.3 -3.2 274 0 10.0 13.4 14.0 3.5 2 1 4 4 4
3774.8 -1545.3 -8.9 268 0 6.0 9.6 10.5 3.5 2 1 3 5 5
3579.4 -1478.0 -4.0 99 0 5.6 10.6 10.5 3.5 2 1 3 2 2
3831.9 -1515.7 -9.3 266 0 10.9 22.6 14.0 3.5 2 1 4 4 4
3532.0 -862.5 3.7 194 0 5.3 9.7 10.5 3.5 2 1 3 3 3
3452.5 -1107.0 5.8 191 0 7.7 13.8 10.5 3.5 2 1 3 4 4
3538.7 -1353.2 -3.5 273 0 5.3 11.4 10.5 0.0 0 1 3 3 3
3472.3 -1138.4 4.6 187 0 11.1 20.0 14.0 3.5 2 1 4 4 4
3749.3 -1582.7 -7.4 91 0 6.1 9.0 10.5 3.5 2 1 3 0 0
3344.9 -1250.8 0.1 190 0 9.6 20.8 10.5 3.5 2 1 3 2 2
3689.9 -1090.3 2.6 280 0 6.6 16.0 10.5 3.5 2 1 3 2 2
3668.9 -1551.4 -5.7 286 0 10.4 7.8 10.5 3.5 2 0 3 3 3
3498.9 -1360.9 -3.4 93 0 24.8 13.1 14.0 3.5 2 0 4 4 4
3713.0 -1500.6 -7.9 96 0 4.9 8.9 10.5 3.5 2 1 3 1 1
3514.5 -1323.0 -2.3 2 0 15.3 19.5 14.0 3.5 2 1 4 5 5
3640.0 -1167.2 3.9 16 0 14.1 9.9 10.5 3.5 2 0 3 5 5
3629.1 -1363.0 -3.6 277 0 7.1 11.9 10.5 3.5 2 1 3 2 2
3592.7 -1427.6 -5.7 96 0 17.4 10.3 14.0 3.5 4 0 4 4 4
3358.8 -1181.9 1.4 189 0 13.5 24.5 14.0 3.5 2 1 4 4 4
3653.4 -1108.4 4.2 278 0 9.9 6.0 10.5 3.5 2 0 3 0 0
3549.1 -2020.7 -7.7 94 0 8.1 17.3 10.5 3.5 2 1 3 5 5
3685.6 -1264.1 0.5 4 0 9.0 10.1 10.5 3.5 4 1 3 1 1
3603.8 -1379.3 -4.3 273 0 8.7 11.8 10.5 3.5 2 1 3 2 2
3837.7 -1630.2 -9.3 359 0 3.8 16.7 10.5 3.5 2 1 3 0 0
3548.3 -1405.0 -4.9 95 0 8.8 10.8 10.5 3.5 2 1 3 1 1
3626.5 -1487.3 -5.6 94 0 11.0 12.4 14.0 3.5 2 1 4 2 2
3678.8 -1040.1 2.9 282 0 4.4 7.1 10.5 3.5 2 1 3 0 0
3658.7 -1513.9 -5.9 101 0 8.2 11.3 10.5 3.5 2 1 3 1 1
3782.1 -1663.8 -8.8 178 0 3.5 8.9 10.5 3.5 2 1 3 2 2
3746.0 -1485.9 -7.7 3 0 10.6 6.5 10.5 3.5 2 0 3 5 5
3685.3 -1282.6 -0.0 91 0 4.6 8.6 10.5 3.5 2 1 3 1 1
3737.2 -1589.1 -7.5 179 0 5.3 16.8 10.5 3.5 2 1 3 4 4
3777.1 -926.5 -2.1 273 0 15.5 14.9 14.0 3.5 2 0 4 3 3
3531.6 -1427.0 -3.9 102 0 12.5 8.8 10.5 0.0 0 0 3 3 3
3788.0 -1694.8 -8.9 92 0 7.4 10.1 10.5 3.5 2 1 3 4 4
3632.2 -1192.6 2.8 10 0 23.8 8.1 10.5 3.5 2 0 3 1 1
3529.8 -1105.2 6.1 186 0 9.4 8.0 10.5 3.5 2 0 3 4 4
3796.3 -1575.4 -8.7 0 0 8.6 7.7 10.5 3.5 2 0 3 3 3
3714.9 -1489.7 -7.7 91 0 6.1 9.2 10.5 3.5 2 1 3 3 3
3761.0 -1675.4 -8.4 180 0 7.3 6.9 10.5 3.5 2 0 3 1 1
3411.3 -1141.4 4.4 190 0 10.2 13.8 14.0 3.5 2 1 4 3 3
3489.2 -1151.1 3.6 273 0 10.2 22.9 14.0 3.5 4 1 4 5 5
3404.4 -1331.9 -2.4 195 0 15.3 16.2 14.0 0.0 0 1 4 4 4
3566.5 -1065.8 7.0 278 0 15.1 21.0 14.0 3.5 2 1 4 5 5
3655.2 -1236.7 1.4 11 0 10.6 9.5 10.5 3.5 2 0 3 5 5
3923.8 -1501.0 -8.5 290 0 9.8 23.2 10.5 3.5 2 1 3 1 1
3514.4 -1090.0 6.6 185 0 10.5 9.8 10.5 3.5 2 0 3 4 4
3422.9 -1377.2 -1.3 94 0 7.4 9.2 10.5 3.5 2 1 3 1 1
3596.5 -1060.9 6.6 4 0 21.9 14.2 14.0 3.5 2 0 4 3 3
3404.8 -1126.9 4.3 191 0 8.1 8.7 10.5 3.5 2 1 3 2 2
3676.4 -1347.9 -3.0 271 0 7.9 12.8 10.5 0.0 0 1 3 1 1
3392.2 -1288.1 -1.1 197 0 6.4 6.2 10.5 3.5 2 0 3 1 1
3543.3 -1177.3 3.4 7 0 7.7 8.6 10.5 3.5 4 1 3 2 2
3551.6 -1644.8 -4.0 75 0 4.5 10.6 10.5 3.5 2 1 3 3 3
3637.2 -1395.4 -4.8 273 0 10.2 12.3 14.0 3.5 2 1 4 4 4
3463.8 -1124.2 5.2 184 0 8.4 7.1 10.5 3.5 2 0 3 0 0
3594.0 -1379.0 -4.3 272 0 7.6 10.9 10.5 0.0 0 1 3 2 2
3797.0 -1662.2 -9.0 87 0 5.0 9.0 10.5 3.5 2 1 3 0 0
3406.2 -1089.6 4.5 182 0 4.6 7.1 10.5 3.5 2 1 3 3 3
3568.7 -2010.5 -7.7 357 0 11.9 8.0 10.5 0.0 0 0 3 1 1
3693.7 -1074.4 2.4 280 0 7.2 9.8 10.5 3.5 2 1 3 1 1
3836.3 -1622.7 -9.3 0 0 6.7 9.6 10.5 3.5 2 1 3 3 3
3676.8 -1481.7 -7.3 93 0 11.3 30.9 14.0 3.5 2 1 4 4 4
3514.8 -1302.7 -1.4 5 0 12.3 16.1 14.0 3.5 2 1 4 4 4
3351.6 -1283.4 -1.0 190 0 7.5 6.7 10.5 3.5 2 0 3 5 5
3537.4 -1252.0 0.6 12 0 9.7 12.1 10.5 3.5 2 1 3 3 3
3427.7 -1533.0 -1.4 272 0 16.3 16.8 14.0 3.5 4 1 4 3 3
3453.8 -2056.8 -7.5 92 0 7.0 17.5 10.5 0.0 0 1 3 5 5
3528.6 -1962.8 -6.3 270 0 5.3 7.1 10.5 3.5 2 1 3 3 3
3411.9 -1667.0 -1.5 177 0 9.6 6.5 10.5 3.5 2 0 3 3 3
3471.5 -1849.0 -4.2 14 0 21.3 11.5 14.0 3.5 2 0 4 5 5
3370.8 -1307.2 -1.2 192 0 28.8 6.3 10.5 3.5 2 0 3 3 3
3602.8 -2046.6 -9.4 3 0 16.6 11.9 14.0 3.5 2 0 4 3 3
3440.3 -1998.6 -5.8 106 0 12.5 19.4 14.0 3.5 2 1 4 1 1
3469.1 -1813.0 -4.1 9 0 11.7 8.2 10.5 3.5 2 0 3 0 0
3528.7 -2058.4 -8.6 90 0 6.8 14.5 10.5 3.5 2 1 3 4 4
3366.9 -1507.3 -0.2 272 0 21.3 21.5 14.0 3.5 2 1 4 0 0
3512.1 -1832.7 -5.1 11 0 13.8 12.3 14.0 3.5 2 0 4 1 1
3448.8 -2028.9 -6.9 107 0 6.8 19.8 10.5 3.5 2 1 3 2 2
3416.5 -1629.1 -1.9 186 0 12.1 25.7 14.0 3.5 2 1 4 0 0
3540.5 -1804.7 -5.4 9 0 19.8 10.2 14.0 0.0 0 0 4 2 2
3349.2 -1342.4 -0.1 184 0 17.5 16.4 14.0 3.5 2 0 4 1 1
3467.4 -1256.8 0.2 177 0 11.3 8.8 10.5 3.5 2 0 3 4 4
3505.0 -1765.4 -4.0 5 0 7.6 13.6 10.5 3.5 2 1 3 2 2
3482.3 -1848.9 -4.6 13 0 25.0 8.7 10.5 3.5 2 0 3 1 1
3456.3 -1634.5 -2.4 179 0 22.9 8.7 10.5 3.5 2 0 3 3 3
3446.8 -1495.3 -1.6 274 0 7.8 51.9 10.5 3.5 2 1 3 4 4
3552.6 -1958.2 -6.8 271 0 10.2 10.7 14.0 3.5 2 1 4 5 5
3422.0 -1410.6 -0.5 98 0 20.3 11.0 14.0 3.5 2 0 4 3 3
3553.9 -2057.3 -9.0 91 0 18.9 27.0 14.0 3.5 2 1 4 4 4
3450.7 -1964.7 -4.8 105 0 10.7 15.3 14.0 0.0 0 1 4 4 4
3506.6 -1503.1 -2.3 274 0 8.4 10.1 10.5 3.5 4 1 3 0 0
3441.7 -1847.5 -3.7 190 0 12.6 17.4 14.0 3.5 2 0 4 4 4
3557.0 -1976.1 -7.0 272 0 9.2 10.4 10.5 3.5 2 1 3 0 0
3521.3 -1801.8 -5.0 6 0 16.1 8.2 10.5 3.5 4 0 3 2 2
3431.6 -1481.1 -0.8 273 0 15.1 7.8 10.5 0.0 0 0 3 4 4
3556.5 -1861.5 -6.1 16 0 8.9 5.1 10.5 3.5 4 0 3 2 2
3473.8 -2005.7 -6.3 90 0 10.9 11.0 14.0 3.5 2 1 4 4 4
3416.7 -1594.5 -1.5 186 0 7.5 16.8 10.5 3.5 2 1 3 0 0
3571.3 -2061.3 -9.3 90 0 8.3 6.8 10.5 3.5 2 0 3 5 5
3583.0 -2007.3 -7.9 359 0 18.3 13.6 14.0 3.5 2 0 4 3 3
3408.2 -1779.8 -3.0 184 0 20.2 15.1 14.0 3.5 2 0 4 4 4
3533.4 -1278.9 -0.7 3 0 23.3 10.2 14.0 3.5 4 0 4 1 1
3457.4 -1456.5 -1.0 90 0 12.9 10.5 14.0 3.5 2 0 4 3 3
3469.8 -1580.9 -2.3 272 0 9.3 10.6 10.5 3.5 2 1 3 0 0
3673.1 -1516.2 -7.2 100 0 10.7 30.2 14.0 3.5 2 1 4 5 5
3479.3 -1820.3 -4.4 8 0 23.4 9.1 10.5 3.5 2 0 3 5 5
3527.5 -1616.3 -3.5 79 0 7.9 18.2 10.5 3.5 2 1 3 1 1
3445.9 -1331.8 -2.7 189 0 9.6 14.0 10.5 3.5 2 1 3 2 2
3485.6 -1991.2 -6.0 98 0 19.9 11.6 14.0 3.5 2 0 4 0 0
3472.3 -1562.9 -2.3 271 0 9.5 5.5 10.5 3.5 4 0 3 3 3
3467.9 -1887.1 -3.7 16 0 16.2 18.1 14.0 0.0 0 1 4 2 2
3418.7 -1737.7 -2.5 184 0 24.1 6.6 10.5 3.5 2 0 3 2 2
3571.5 -1958.1 -7.1 273 0 10.1 9.8 10.5 3.5 2 0 3 0 0
3444.2 -1614.6 -2.1 182 0 10.7 20.7 14.0 3.5 2 1 4 3 3
3458.4 -1227.4 1.1 183 0 22.2 17.1 14.0 3.5 2 0 4 0 0
3417.4 -1703.6 -1.7 177 0 7.9 8.7 10.5 3.5 2 0 3 1 1
3505.4 -1270.6 -0.2 1 0 10.1 9.0 10.5 3.5 2 0 3 1 1
3384.3 -1846.0 -1.9 196 0 9.9 12.8 10.5 3.5 2 1 3 5 5
3581.9 -1981.0 -7.4 0 0 11.8 17.1 14.0 3.5 2 1 4 4 4
3425.5 -1786.1 -3.3 187 0 17.0 12.0 14.0 3.5 2 0 4 5 5
3439.2 -1561.3 -1.7 273 0 9.0 15.7 10.5 3.5 2 1 3 2 2
3545.2 -1239.8 1.0 14 0 13.0 6.7 10.5 3.5 2 0 3 5 5
3443.8 -1208.9 1.7 181 0 21.5 9.2 10.5 3.5 2 0 3 4 4
3404.9 -1410.9 0.2 99 0 7.2 15.7 10.5 3.5 2 1 3 5 5
3426.1 -2008.4 -5.9 102 0 11.5 10.6 14.0 0.0 0 0 4 3 3
3557.3 -1731.6 -4.8 11 0 4.5 9.6 10.5 3.5 2 1 3 1 1
3503.6 -1780.6 -4.4 1 0 15.7 19.2 14.0 3.5 2 1 4 4 4
3502.4 -1994.9 -6.3 95 0 6.8 11.3 10.5 3.5 2 1 3 1 1
3487.2 -1634.0 -2.7 2 0 12.5 9.1 10.5 3.5 2 0 3 1 1
3468.1 -1538.7 -2.0 270 0 8.3 8.8 10.5 3.5 4 1 3 1 1
3361.7 -1221.9 1.3 190 0 6.5 4.9 10.5 3.5 2 0 3 0 0
3571.7 -1941.5 -7.0 273 0 10.9 11.6 14.0 3.5 2 1 4 4 4
3492.8 -1860.0 -4.5 17 0 11.6 9.0 10.5 3.5 2 0 3 2 2
3495.7 -1937.2 -5.3 17 0 10.0 10.0 10.5 0.0 0 1 3 4 4
3438.6 -1785.9 -3.6 183 0 23.6 11.3 14.0 3.5 2 0 4 2 2
3490.0 -1892.0 -4.1 15 0 10.4 20.7 14.0 3.5 2 1 4 4 4
3561.8 -1227.1 1.6 12 0 10.1 8.8 10.5 3.5 2 0 3 4 4
3410.8 -1442.8 -0.0 96 0 7.8 18.8 10.5 3.5 2 1 3 1 1
3438.2 -1711.8 -2.6 181 0 28.4 26.8 14.0 0.0 0 0 4 2 2
3525.7 -1694.4 -4.2 264 0 9.1 18.5 10.5 3.5 2 1 3 5 5
3507.1 -1249.6 0.6 2 0 8.4 14.7 10.5 3.5 4 1 3 2 2
3543.5 -1968.8 -6.6 270 0 6.3 7.6 10.5 3.5 2 1 3 2 2
3499.2 -1631.6 -2.9 358 0 10.1 8.6 10.5 3.5 2 0 3 4 4
3503.0 -1681.7 -3.5 352 0 10.8 15.4 14.0 3.5 4 1 4 2 2
3511.5 -1897.8 -4.7 9 0 16.4 9.3 10.5 3.5 2 0 3 4 4
3426.4 -1711.7 -2.0 179 0 9.2 10.6 10.5 3.5 2 0 3 5 5
3391.0 -1252.6 0.2 195 0 3.9 8.9 10.5 3.5 2 1 3 0 0
3483.6 -1570.2 -2.6 273 0 9.6 6.5 10.5 0.0 0 0 3 1 1
3493.2 -1876.4 -4.1 13 0 9.7 6.0 10.5 0.0 0 0 3 3 3
3551.8 -1803.2 -5.5 286 0 10.2 74.2 14.0 3.5 2 1 4 0 0
3457.7 -1195.1 2.4 182 0 15.5 14.2 14.0 3.5 2 0 4 2 2
3528.6 -1315.0 -1.8 0 0 9.0 7.7 10.5 3.5 2 0 3 5 5
3475.7 -1739.0 -3.1 0 0 10.4 14.2 14.0 3.5 2 1 4 1 1
3411.3 -1110.9 4.7 188 0 7.2 6.2 10.5 3.5 2 0 3 5 5
3408.3 -1248.2 0.3 191 0 11.3 7.4 10.5 3.5 2 0 3 1 1
3485.3 -1238.3 1.0 180 0 7.7 7.4 10.5 3.5 4 0 3 1 1
3542.5 -1956.9 -6.5 271 0 5.4 9.2 10.5 3.5 2 1 3 1 1
3521.2 -1650.3 -3.5 349 0 14.0 16.4 14.0 3.5 2 1 4 5 5
3489.6 -1710.2 -3.2 360 0 24.8 21.8 14.0 3.5 2 0 4 2 2
3552.0 -1880.6 -5.7 5 0 17.3 8.9 10.5 3.5 4 0 3 1 1
3531.5 -1299.9 -1.3 2 0 12.5 11.9 14.0 3.5 2 0 4 5 5
3510.8 -2057.4 -8.3 92 0 7.7 15.4 10.5 3.5 4 1 3 3 3
3469.4 -1495.0 -1.6 270 0 9.4 15.1 10.5 3.5 2 1 3 3 3
3455.5 -1007.5 8.3 196 0 8.7 25.2 10.5 3.5 2 1 3 1 1
3514.1 -1994.3 -6.4 96 0 11.9 11.9 14.0 3.5 2 0 4 4 4
3470.5 -2051.5 -7.6 88 0 8.6 15.4 10.5 3.5 2 1 3 5 5
3464.4 -1548.0 -2.0 270 0 6.7 5.2 10.5 3.5 2 0 3 2 2
3456.5 -1249.9 0.2 182 0 7.5 9.5 10.5 3.5 2 1 3 5 5
3312.2 -1869.1 -0.7 190 0 7.2 8.3 10.5 3.5 2 1 3 3 3
3325.0 -1960.7 -3.4 193 0 6.6 14.1 10.5 3.5 2 1 3 3 3
3354.8 -1807.0 -1.9 194 0 11.8 8.6 10.5 3.5 4 0 3 3 3
3485.6 -1446.4 -1.4 97 0 7.9 7.5 10.5 3.5 2 0 3 0 0
3383.6 -1953.1 -3.6 185 0 4.7 9.2 10.5 3.5 2 1 3 5 5
3323.9 -1701.5 -0.2 12 0 9.5 10.7 10.5 3.5 2 1 3 0 0
3413.4 -1829.4 -3.1 196 0 8.2 11.5 10.5 3.5 2 1 3 3 3
3408.1 -1392.7 -0.3 97 0 7.7 10.1 10.5 3.5 2 1 3 4 4
3385.6 -1527.2 -0.5 273 0 9.8 24.6 10.5 3.5 2 1 3 5 5
3439.8 -1950.3 -4.5 107 0 12.1 6.4 10.5 3.5 2 0 3 2 2
3372.7 -1650.9 -0.7 94 0 16.3 20.2 14.0 3.5 2 1 4 5 5
3325.9 -2040.9 -5.4 100 0 7.7 11.6 10.5 3.5 2 1 3 2 2
3401.8 -1542.8 -0.9 273 0 10.4 7.6 10.5 3.5 2 0 3 3 3
3324.0 -1826.3 -0.7 194 0 7.6 16.4 10.5 3.5 2 1 3 3 3
3410.9 -1937.7 -4.0 186 0 11.3 14.9 14.0 0.0 0 1 4 2 2
3401.3 -1711.4 -1.7 184 0 21.0 10.7 14.0 3.5 2 0 4 4 4
3355.0 -1902.7 -2.3 186 0 7.6 9.2 10.5 3.5 2 1 3 0 0
3424.0 -1838.7 -3.4 199 0 17.7 15.8 14.0 3.5 2 0 4 5 5
3509.2 -1850.2 -5.1 11 0 9.2 7.5 10.5 3.5 4 0 3 0 0
3309.3 -1646.7 0.4 188 0 5.2 26.0 10.5 3.5 2 0 3 5 5
3483.6 -2062.9 -8.1 94 0 11.3 9.8 10.5 3.5 2 0 3 3 3
3336.6 -1704.5 -0.4 12 0 11.6 11.0 14.0 3.5 2 0 4 5 5
3406.7 -1587.6 -1.0 93 0 10.3 15.3 14.0 3.5 2 1 4 5 5
3531.9 -1826.7 -5.4 12 0 12.5 7.9 10.5 3.5 2 0 3 5 5
3423.5 -1431.5 -0.2 95 0 9.8 11.4 10.5 3.5 4 1 3 2 2
3318.2 -2055.2 -5.6 99 0 21.3 10.5 14.0 3.5 2 0 4 0 0
3409.2 -1999.6 -5.4 98 0 13.1 10.8 14.0 3.5 2 0 4 4 4
3356.8 -1885.1 -2.0 190 0 11.5 11.8 14.0 3.5 2 1 4 3 3
3390.4 -1500.7 -0.3 274 0 4.8 16.4 10.5 3.5 2 1 3 1 1
3383.4 -1893.9 -2.5 189 0 8.3 7.8 10.5 3.5 2 0 3 3 3
3364.9 -1395.8 1.2 185 0 10.7 4.4 10.5 3.5 2 0 3 1 1
3527.1 -1853.4 -5.5 10 0 14.9 7.0 10.5 3.5 2 0 3 3 3
3491.0 -2007.9 -6.6 88 0 6.7 9.2 10.5 3.5 2 1 3 2 2
3338.7 -1766.9 -1.4 191 0 7.2 7.9 10.5 3.5 2 1 3 2 2
3379.9 -1707.1 -1.2 189 0 4.9 8.7 10.5 3.5 2 1 3 2 2
3388.8 -1921.2 -3.5 185 0 15.3 13.9 14.0 3.5 2 0 4 2 2
3365.8 -1829.1 -1.6 193 0 6.4 7.5 10.5 0.0 0 1 3 4 4
3378.0 -1776.7 -2.3 189 0 11.0 8.1 10.5 3.5 2 0 3 4 4
3347.5 -1822.3 -1.3 191 0 11.5 8.3 10.5 3.5 2 0 3 1 1
3378.6 -1869.8 -2.0 189 0 9.6 11.7 10.5 3.5 2 1 3 4 4
3438.2 -1423.7 -0.6 100 0 8.4 14.1 10.5 3.5 4 1 3 3 3
3368.6 -1774.5 -2.1 194 0 12.4 8.0 10.5 3.5 2 0 3 2 2
3337.0 -1818.9 -1.1 194 0 10.1 9.0 10.5 3.5 2 0 3 5 5
3513.8 -1968.8 -6.1 276 0 9.9 11.0 10.5 3.5 4 1 3 0 0
3502.9 -2025.3 -7.3 91 0 6.6 6.5 10.5 3.5 2 0 3 0 0
3319.3 -1506.2 0.8 184 0 19.9 9.1 10.5 3.5 2 0 3 0 0
3382.3 -1857.2 -1.8 195 0 8.9 15.0 10.5 3.5 2 1 3 5 5
3413.0 -1505.4 -0.7 273 0 8.7 10.5 10.5 3.5 2 1 3 3 3
3346.6 -1865.0 -1.2 192 0 8.0 6.1 10.5 3.5 2 0 3 0 0
3354.8 -1783.7 -1.8 199 0 10.5 6.1 10.5 3.5 2 0 3 0 0
3374.6 -1574.9 -0.5 184 0 15.8 11.7 14.0 0.0 0 0 4 1 1
3376.3 -1893.2 -2.4 191 0 9.1 5.6 10.5 0.0 0 0 3 3 3
3348.5 -2049.9 -5.9 95 0 14.5 12.6 14.0 3.5 2 0 4 3 3
3346.3 -1568.0 0.2 183 0 10.0 7.6 10.5 3.5 2 0 3 0 0
3324.8 -1791.5 -1.1 12 0 34.3 13.1 14.0 3.5 2 0 4 3 3
3359.8 -1953.4 -3.7 189 0 20.0 14.8 14.0 3.5 2 0 4 1 1
3419.3 -1622.9 -1.4 95 0 11.3 22.8 14.0 0.0 0 1 4 5 5
3336.8 -1991.8 -4.5 199 0 7.6 8.9 10.5 3.5 2 1 3 1 1
3424.6 -1804.0 -3.5 190 0 8.3 13.2 10.5 3.5 2 1 3 5 5
3378.7 -2004.0 -5.3 103 0 14.2 7.1 10.5 0.0 0 0 3 2 2
3312.9 -1615.3 0.6 190 0 29.6 11.8 14.0 3.5 2 0 4 1 1
3414.4 -1856.9 -2.8 189 0 10.2 20.7 14.0 3.5 2 1 4 2 2
3412.7 -1975.8 -4.6 99 0 13.6 8.1 10.5 3.5 2 0 3 0 0
3330.0 -1790.7 -1.4 194 0 32.0 10.3 14.0 3.5 2 0 4 5 5
3309.2 -1988.0 -4.3 193 0 7.9 20.4 10.5 3.5 2 1 3 2 2
3383.8 -1465.2 0.2 91 0 17.8 11.3 14.0 3.5 2 0 4 2 2
3382.6 -1792.2 -2.5 193 0 12.6 8.8 10.5 3.5 2 0 3 0 0
3398.7 -1551.8 -0.9 270 0 13.3 17.6 14.0 3.5 2 1 4 2 2
3411.5 -1984.9 -4.9 98 0 11.9 7.2 10.5 3.5 4 0 3 5 5
3620.9 -1648.0 -5.4 87 0 4.6 9.7 10.5 3.5 2 1 3 5 5
3583.1 -1403.1 -4.8 98 0 9.5 11.5 10.5 3.5 2 1 3 1 1
3342.6 -1722.5 -0.9 11 0 17.1 8.6 10.5 3.5 2 0 3 0 0
3578.5 -1491.0 -3.5 103 0 7.4 4.4 10.5 3.5 2 0 3 3 3
3388.4 -1779.6 -2.5 187 0 8.7 9.3 10.5 3.5 2 1 3 5 5
3562.0 -1423.7 -4.9 95 0 10.7 18.9 14.0 3.5 4 1 4 2 2
3614.9 -1484.1 -5.1 93 0 8.9 7.8 10.5 3.5 2 0 3 5 5
3603.1 -1436.1 -6.0 95 0 12.5 6.5 10.5 3.5 2 0 3 5 5
3578.6 -1426.9 -5.2 100 0 6.3 12.7 10.5 3.5 2 1 3 1 1
3588.4 -1557.4 -4.4 268 0 14.9 11.9 14.0 3.5 2 0 4 3 3
3600.5 -1462.6 -5.4 96 0 12.5 10.9 14.0 3.5 2 0 4 5 5
3353.2 -1936.5 -3.1 190 0 7.9 27.0 10.5 3.5 4 1 3 0 0
3638.3 -1573.8 -5.5 271 0 13.1 20.6 14.0 3.5 2 1 4 5 5
3579.8 -1501.9 -3.8 284 0 19.5 32.6 14.0 0.0 0 1 4 0 0
3598.8 -1483.2 -4.6 99 0 9.4 10.1 10.5 3.5 4 1 3 0 0
3316.0 -1929.2 -2.4 191 0 21.6 12.0 14.0 3.5 2 0 4 1 1
3332.7 -1719.8 -0.7 9 0 16.7 7.3 10.5 3.5 2 0 3 3 3
3473.6 -1773.1 -3.8 4 0 12.9 5.9 10.5 3.5 2 0 3 0 0
3341.5 -1746.5 -1.5 191 0 12.9 18.1 14.0 3.5 2 0 4 1 1
3633.5 -1642.0 -5.6 0 0 10.8 9.6 10.5 3.5 2 0 3 4 4
3789.5 -1181.5 -1.2 0 0 10.7 12.2 14.0 3.5 2 1 4 1 1
3339.4 -985.1 8.0 199 0 7.1 7.7 10.5 3.5 2 1 3 4 4
3390.7 -884.5 7.0 271 0 9.4 9.2 10.5 3.5 2 0 3 5 5
3768.8 -1003.6 -1.1 1 0 21.5 10.5 14.0 3.5 2 0 4 3 3
3544.6 -1433.3 -4.1 99 0 8.6 8.5 10.5 3.5 2 0 3 0 0
3452.5 -1164.2 3.7 184 0 6.1 9.4 10.5 3.5 4 1 3 0 0
3568.0 -1999.9 -7.3 6 0 8.4 10.0 10.5 3.5 2 1 3 5 5
3370.6 -1039.7 5.1 2 0 6.2 7.7 10.5 3.5 2 1 3 2 2
3351.3 -1074.0 3.6 0 0 7.3 7.7 10.5 3.5 2 1 3 0 0
3465.1 -1270.8 -0.4 181 0 12.5 3.6 10.5 3.5 2 0 3 3 3
3781.2 -1005.1 -1.7 1 0 22.4 11.3 14.0 0.0 0 0 4 5 5
3436.4 -1306.0 -1.7 190 0 6.8 7.5 10.5 3.5 2 1 3 1 1
3611.0 -1470.4 -5.8 184 0 3.2 22.8 10.5 3.5 2 1 3 3 3
3934.8 -1553.9 -10.0 8 0 19.0 13.7 14.0 3.5 2 0 4 0 0
3934.2 -1069.9 -8.3 86 0 8.5 67.9 7.5 2.5 2 1 3 1 1
3538.5 -1208.6 2.2 5 0 7.4 8.8 10.5 0.0 0 1 3 3 3
3447.2 -1319.3 -2.2 189 0 10.4 20.8 14.0 3.5 2 1 4 0 0
3644.6 -1464.2 -6.7 89 0 11.3 8.0 10.5 3.5 2 0 3 5 5
3340.6 -1049.4 4.0 183 0 20.9 14.0 10.5 3.5 2 0 3 0 0
3440.0 -1255.9 0.2 183 0 10.3 6.6 10.5 3.5 2 0 3 0 0
3521.2 -1495.8 -2.6 283 0 17.6 9.1 10.5 3.5 2 0 3 2 2
3362.5 -1108.9 2.8 12 0 7.8 4.9 10.5 3.5 2 0 3 2 2
3585.8 -771.1 -0.4 288 0 10.6 21.0 2.5 0.0 0 1 1 2 2
3366.6 -896.5 7.6 92 0 8.6 8.6 10.5 3.5 2 1 3 1 1
3334.2 -815.7 6.6 268 0 5.2 6.3 10.5 3.5 2 1 3 3 3
3431.9 -1125.6 5.1 192 0 4.0 12.1 10.5 3.5 2 0 3 1 1
3409.2 -1008.5 7.5 21 0 16.4 14.4 10.5 3.5 2 0 3 5 5
3446.3 -1455.6 -0.8 91 0 6.2 10.7 10.5 3.5 2 1 3 5 5
3478.8 -1269.6 -0.2 182 0 7.5 7.3 10.5 3.5 2 0 3 1 1
3625.3 -914.1 4.7 7 0 8.2 25.4 10.5 3.5 2 1 3 0 0
3446.4 -901.0 7.2 12 0 7.0 13.8 10.5 3.5 2 1 3 4 4
3320.1 -1005.3 6.5 189 0 8.9 9.1 10.5 3.5 2 1 3 4 4
3430.3 -1884.3 -3.3 193 0 15.2 13.2 14.0 3.5 2 0 4 0 0
3746.9 -1091.6 0.1 15 0 17.1 11.8 14.0 3.5 2 0 4 4 4
3323.7 -843.7 6.7 186 0 5.7 9.9 10.5 3.5 2 1 3 5 5
3343.9 -1143.3 1.7 14 0 6.2 10.5 10.5 3.5 2 1 3 1 1
3534.9 -1488.0 -2.7 101 0 8.4 23.7 10.5 3.5 2 1 3 3 3
3929.5 -982.4 -8.6 267 0 18.3 16.6 7.5 2.5 2 0 3 2 2
3321.8 -1127.7 2.0 183 0 7.1 10.8 10.5 3.5 2 1 3 5 5
3775.4 -1079.9 -1.1 15 0 9.6 8.6 10.5 3.5 2 0 3 1 1
3334.6 -903.6 8.1 92 0 6.3 13.8 10.5 3.5 2 1 3 5 5
3540.0 -1463.3 -3.2 100 0 15.1 11.3 14.0 3.5 2 0 4 5 5
3605.9 -1111.2 5.5 276 0 11.8 18.8 14.0 3.5 2 1 4 1 1
3924.2 -1625.6 -12.1 89 0 13.1 34.2 14.0 3.5 2 1 4 3 3
3902.9 -1065.1 -7.8 175 0 10.5 25.3 12.5 2.5 2 1 5 4 4
3476.0 -1368.5 -3.4 93 0 12.5 23.5 14.0 3.5 2 1 4 5 5
3416.2 -975.0 9.2 23 0 8.0 7.7 10.5 0.0 0 0 3 3 3
3783.4 -953.3 -2.0 3 0 19.6 12.9 14.0 3.5 4 0 4 1 1
3343.7 -904.7 8.5 89 0 5.7 7.0 10.5 3.5 2 1 3 0 0
3419.6 -965.7 9.7 21 0 6.7 7.3 10.5 3.5 2 1 3 0 0
3725.9 -1406.2 -5.5 272 0 8.5 25.0 10.5 3.5 2 1 3 1 1
3437.4 -1098.3 5.8 192 0 21.8 11.6 14.0 3.5 2 0 4 0 0
3654.0 -1275.3 0.2 95 0 19.2 9.3 10.5 3.5 2 0 3 4 4
3334.0 -1164.5 1.0 6 0 7.8 11.4 10.5 3.5 4 1 3 5 5
3444.5 -1245.9 0.6 181 0 9.5 10.0 10.5 3.5 2 1 3 3 3
3464.3 -856.7 5.5 9 0 9.0 22.3 10.5 3.5 2 1 3 2 2
3324.3 -1095.4 3.1 182 0 6.9 6.0 10.5 3.5 2 0 3 3 3
3375.2 -808.6 6.3 4 0 8.4 8.2 10.5 3.5 2 0 3 2 2
3405.9 -1025.9 6.6 21 0 8.7 9.4 10.5 3.5 2 1 3 1 1
3727.6 -1377.5 -4.4 272 0 8.7 24.1 10.5 3.5 2 1 3 1 1
3473.6 -1433.0 -1.5 93 0 9.3 9.7 10.5 3.5 4 1 3 2 2
3311.6 -840.1 6.7 189 0 13.1 10.0 10.5 3.5 2 0 3 5 5
3442.6 -1388.7 -1.6 102 0 7.8 6.7 10.5 3.5 2 0 3 0 0
3636.9 -1333.4 -2.4 276 0 7.0 8.4 10.5 3.5 2 1 3 1 1
3436.0 -923.9 8.8 25 0 7.2 8.3 10.5 0.0 0 1 3 4 4
3505.1 -1175.3 3.2 274 0 3.9 9.5 10.5 3.5 2 1 3 4 4
3353.9 -859.4 6.6 276 0 3.4 9.9 10.5 3.5 2 1 3 4 4
3470.9 -1285.2 -0.9 190 0 10.1 7.2 10.5 3.5 2 0 3 5 5
3941.7 -1069.2 -8.6 86 0 4.5 67.8 7.5 2.5 2 1 3 4 4
3412.6 -983.4 8.8 21 0 7.9 7.8 10.5 3.5 2 0 3 2 2
3340.2 -1150.9 1.4 8 0 4.6 9.0 10.5 3.5 2 1 3 5 5
3373.8 -779.0 6.3 274 0 7.4 5.5 10.5 3.5 2 0 3 0 0
3316.7 -868.0 6.8 185 0 8.2 6.7 10.5 3.5 2 0 3 5 5
3456.9 -891.7 6.5 7 0 8.6 7.4 10.5 3.5 2 0 3 2 2
3394.3 -1312.0 -2.0 192 0 10.3 10.5 14.0 3.5 2 1 4 1 1
3948.1 -1002.5 -9.0 267 0 4.9 66.3 7.5 2.5 2 1 3 4 4
