6893.7 3789.7 -19.3 7 0 13.6 9.7 7.5 2.5 2 0 3 2 2
6574.0 2727.1 1.1 283 0 9.5 7.5 7.5 2.5 2 0 3 5 5
6732.3 3867.7 -19.9 96 0 6.3 5.6 5.0 2.5 2 0 2 4 4
6862.0 2809.6 7.1 106 0 10.5 9.0 7.5 2.5 2 0 3 3 3
6594.5 1836.6 10.7 189 0 9.7 9.4 7.5 2.5 2 0 3 3 3
6640.9 3931.3 -20.4 298 0 7.4 27.9 5.0 2.5 2 1 2 3 3
6729.4 3859.0 -19.8 100 0 7.8 7.7 7.5 2.5 2 0 3 0 0
6434.1 1762.8 15.6 103 0 17.5 13.5 5.0 2.5 2 0 2 5 5
6745.0 3858.2 -19.9 97 0 18.8 13.0 7.5 2.5 2 0 3 1 1
6436.0 2693.0 -2.0 3 0 3.8 9.5 7.5 0.0 0 1 3 0 0
6705.9 3897.4 -20.1 192 0 7.5 11.0 5.0 2.5 2 1 2 2 2
6806.0 4063.0 -21.4 101 0 10.5 6.7 5.0 2.5 2 0 2 0 0
6797.3 3883.4 -20.0 6 0 5.3 10.9 2.5 0.0 0 1 1 1 1
6831.7 3316.2 -7.2 104 0 5.1 5.9 5.0 0.0 0 1 2 2 2
6705.4 3891.4 -20.0 277 0 6.5 7.5 5.0 2.5 2 1 2 1 1
6369.8 2738.9 -3.9 8 0 10.1 6.8 5.0 2.5 2 0 2 1 1
6736.0 3924.2 -20.4 187 0 7.8 7.4 7.5 2.5 4 0 3 5 5
6795.6 4126.4 -21.8 297 0 7.3 4.7 7.5 2.5 2 0 3 4 4
6721.1 3890.7 -20.1 192 0 17.0 16.6 7.5 2.5 2 0 3 2 2
6885.1 4035.4 -21.5 98 0 15.8 6.7 7.5 2.5 2 0 3 4 4
6744.4 3969.0 -20.8 272 0 11.0 4.5 7.5 2.5 2 0 3 5 5
6321.8 2708.8 -4.9 104 0 11.4 6.0 7.5 2.5 2 0 3 4 4
6386.8 2687.0 -3.0 273 0 9.6 10.7 7.5 2.5 2 1 3 1 1
6337.4 2694.2 -4.3 281 0 5.5 5.7 5.0 2.5 2 1 2 4 4
6308.6 2747.4 -5.4 101 0 6.6 7.7 5.0 2.5 2 1 2 0 0
6516.6 2615.6 0.5 19 0 8.5 11.7 7.5 2.5 4 1 3 4 4
6622.2 1787.0 10.4 89 0 6.7 9.4 5.0 2.5 2 1 2 4 4
6417.3 2694.3 -2.4 3 0 5.1 6.6 7.5 2.5 2 1 3 1 1
6331.2 2724.5 -4.7 105 0 6.7 9.8 7.5 2.5 2 1 3 3 3
6165.5 2739.0 -8.5 84 0 6.6 13.6 2.5 2.5 2 1 1 0 0
6291.7 2624.6 -4.8 178 0 5.9 5.3 2.5 2.5 2 0 1 1 1
6847.8 4031.3 -21.3 100 0 5.1 7.5 2.5 2.5 2 1 1 3 3
6742.6 3942.3 -20.5 275 0 6.9 11.5 5.0 2.5 2 1 2 5 5
6862.6 4039.9 -21.5 102 0 9.3 9.7 7.5 2.5 2 1 3 0 0
6279.7 2723.6 -6.0 95 0 9.0 7.3 5.0 2.5 2 0 2 2 2
6376.6 2687.2 -3.3 273 0 7.1 11.3 2.5 2.5 2 1 1 0 0
6677.0 1797.6 8.7 6 0 6.5 12.5 7.5 2.5 4 1 3 2 2
6364.7 2685.6 -3.6 274 0 11.4 11.5 5.0 2.5 2 1 2 5 5
6573.2 1808.9 11.6 96 0 6.5 10.3 7.5 2.5 2 1 3 5 5
6727.7 3780.6 -19.1 186 0 10.8 14.0 7.5 0.0 0 1 3 0 0
6310.4 2782.0 -5.7 277 0 10.5 9.1 2.5 2.5 2 0 1 3 3
6734.6 3952.9 -20.7 182 0 7.1 12.1 7.5 2.5 2 1 3 2 2
6623.2 1769.3 10.5 93 0 5.0 9.2 7.5 2.5 2 1 3 4 4
6285.2 2760.1 -6.0 190 0 9.2 11.2 7.5 2.5 4 1 3 0 0
6483.0 2615.9 -0.1 100 0 7.4 9.1 7.5 2.5 4 1 3 2 2
6702.5 3873.4 -19.9 99 0 6.0 6.0 5.0 2.5 4 1 2 1 1
6357.4 2802.6 -4.7 276 0 9.5 8.6 2.5 2.5 2 0 1 0 0
6763.8 3921.9 -20.4 9 0 11.9 6.9 7.5 2.5 2 0 3 0 0
6717.7 3925.7 -20.4 187 0 5.1 6.2 5.0 2.5 2 1 2 3 3
6536.3 1805.6 12.4 184 0 5.1 17.8 5.0 2.5 4 1 2 5 5
6419.1 2675.0 -2.1 278 0 6.8 4.5 7.5 2.5 2 0 3 5 5
6286.3 2745.6 -6.0 95 0 6.8 7.6 5.0 2.5 2 1 2 3 3
6770.4 3864.7 -19.9 3 0 7.2 9.6 7.5 2.5 2 1 3 3 3
6664.4 3849.4 -19.7 108 0 10.1 8.5 5.0 0.0 0 0 2 5 5
6887.9 4097.2 -22.1 1 0 5.5 9.4 7.5 2.5 2 1 3 2 2
6783.5 3896.1 -20.2 4 0 6.6 16.3 2.5 2.5 2 1 1 4 4
6763.1 3834.2 -19.6 96 0 8.5 9.8 2.5 2.5 2 1 1 5 5
6347.8 2738.5 -4.4 103 0 6.2 6.5 5.0 0.0 0 1 2 0 0
6701.5 3902.0 -20.1 281 0 4.6 6.6 7.5 2.5 2 1 3 2 2
6537.3 1817.2 12.3 187 0 6.4 15.7 7.5 2.5 2 1 3 0 0
6764.7 3845.7 -19.7 92 0 10.4 5.7 5.0 2.5 2 0 2 5 5
6665.7 1861.9 8.6 291 0 7.7 11.5 7.5 2.5 2 1 3 4 4
6908.9 4110.0 -22.3 1 0 7.5 10.6 5.0 2.5 2 1 2 3 3
6288.4 2722.5 -5.8 95 0 5.9 9.6 7.5 0.0 0 1 3 2 2
6786.7 3853.1 -19.8 4 0 15.1 14.6 5.0 2.5 4 0 2 5 5
6909.0 4055.3 -21.8 9 0 7.3 8.3 7.5 2.5 2 1 3 5 5
6551.8 1789.5 12.2 185 0 6.3 9.9 2.5 2.5 2 1 1 4 4
6274.2 2746.3 -6.4 95 0 11.0 5.1 5.0 2.5 2 0 2 1 1
6510.3 2669.3 0.1 276 0 7.5 5.1 7.5 2.5 2 0 3 1 1
6806.8 3850.9 -19.7 6 0 10.8 6.4 5.0 2.5 2 0 2 0 0
6882.8 3592.0 -17.4 182 0 4.2 8.3 7.5 2.5 2 1 3 5 5
6786.9 4069.7 -21.3 200 0 4.1 8.9 5.0 0.0 0 1 2 2 2
6327.1 2716.8 -4.8 99 0 9.4 3.7 2.5 2.5 4 0 1 2 2
6299.2 2707.2 -5.4 278 0 9.8 10.0 5.0 2.5 2 1 2 0 0
6432.8 2684.8 -1.8 273 0 3.8 8.2 5.0 2.5 2 1 2 5 5
6724.0 3911.3 -20.3 192 0 15.3 17.3 7.5 2.5 2 1 3 0 0
6720.1 3860.7 -19.8 102 0 8.0 6.6 5.0 2.5 2 0 2 4 4
6669.9 3871.5 -20.0 109 0 6.3 13.1 5.0 2.5 2 1 2 4 4
6577.7 2734.7 1.1 284 0 7.2 6.0 5.0 2.5 2 0 2 3 3
6620.9 1808.3 10.2 96 0 9.9 10.3 7.5 2.5 2 1 3 0 0
6692.6 1933.9 7.1 290 0 7.5 11.3 7.5 2.5 2 1 3 3 3
6696.5 3849.5 -19.7 98 0 7.8 5.4 5.0 2.5 2 0 2 2 2
6720.0 3845.9 -19.7 95 0 5.5 8.9 5.0 2.5 4 1 2 1 1
6653.0 1822.6 9.3 6 0 9.4 4.1 5.0 0.0 0 0 2 1 1
6650.4 1810.9 9.5 5 0 8.3 3.9 7.5 2.5 2 0 3 3 3
6784.5 3925.4 -20.3 9 0 9.5 7.6 7.5 2.5 2 0 3 0 0
6802.7 3943.5 -20.2 8 0 8.4 6.9 7.5 2.5 2 0 3 0 0
6629.9 1928.1 9.2 288 0 8.9 7.0 5.0 2.5 2 0 2 1 1
6669.6 1904.3 8.1 14 0 11.2 7.1 7.5 2.5 2 0 3 1 1
6591.6 1882.5 10.2 193 0 8.7 19.1 5.0 2.5 2 1 2 3 3
6742.7 3632.6 -15.6 106 0 7.3 11.0 5.0 2.5 2 1 2 3 3
6707.1 3846.8 -19.7 98 0 8.8 10.0 5.0 2.5 2 1 2 2 2
6882.8 4118.7 -22.2 285 0 11.1 4.8 5.0 2.5 4 0 2 5 5
6826.2 3758.8 -19.0 103 0 10.5 6.5 5.0 2.5 2 0 2 5 5
6823.1 3777.6 -19.0 189 0 5.9 9.5 7.5 2.5 4 1 3 1 1
6729.1 3965.1 -20.8 188 0 6.9 6.2 5.0 2.5 2 0 2 0 0
6767.7 3876.3 -20.0 9 0 5.3 5.8 7.5 2.5 2 1 3 2 2
5898.8 4355.4 -17.8 280 0 10.3 9.6 7.5 2.5 2 0 3 3 3
5958.3 4262.1 -18.3 26 0 11.2 9.4 2.5 2.5 2 0 1 3 3
5893.1 4386.6 -18.9 110 0 11.3 7.8 2.5 2.5 2 0 1 5 5
5689.9 4402.3 -15.1 271 0 8.8 10.7 7.5 0.0 0 1 3 2 2
5662.6 4416.0 -15.0 93 0 15.7 12.5 2.5 2.5 2 0 1 5 5
5245.1 4245.3 -6.1 185 0 19.7 19.0 7.5 2.5 2 0 3 4 4
5327.2 4207.3 -4.6 93 0 9.2 9.3 5.0 2.5 4 1 2 1 1
5640.7 4368.2 -13.8 271 0 20.8 8.2 5.0 2.5 4 0 2 2 2
5386.9 4342.3 -8.2 8 0 9.4 9.2 5.0 2.5 2 0 2 5 5
5558.8 4255.2 -9.3 93 0 14.3 5.9 2.5 2.5 2 0 1 0 0
5331.9 4408.3 -11.3 181 0 9.3 31.8 7.5 2.5 2 1 3 2 2
5258.0 4227.4 -6.0 275 0 9.0 15.0 7.5 2.5 2 1 3 4 4
5376.6 4346.1 -8.4 8 0 6.7 12.1 2.5 2.5 4 1 1 1 1
5308.6 4280.8 -6.2 7 0 14.2 22.9 10.0 2.5 2 1 4 3 3
5511.4 4275.2 -9.1 180 0 7.7 13.0 5.0 2.5 2 1 2 3 3
5367.9 4186.1 -4.3 182 0 7.0 11.3 5.0 0.0 0 1 2 3 3
5932.7 4349.2 -18.5 290 0 7.6 12.2 7.5 2.5 4 1 3 3 3
5277.3 4232.6 -5.6 95 0 23.8 17.6 7.5 2.5 2 0 3 2 2
5399.2 4282.8 -6.8 191 0 17.6 14.1 10.0 0.0 0 0 4 4 4
5340.0 4197.9 -4.5 93 0 15.0 14.0 2.5 2.5 2 0 1 4 4
5400.9 4184.3 -4.1 186 0 8.8 18.2 5.0 2.5 2 1 2 3 3
5269.3 4178.1 -6.4 273 0 8.3 33.2 7.5 2.5 2 1 3 0 0
5578.6 4293.4 -10.9 186 0 9.9 15.4 2.5 2.5 2 1 1 3 3
5622.0 4502.9 -15.1 275 0 11.9 15.9 2.5 2.5 2 1 1 2 2
5352.3 4319.4 -7.7 98 0 36.2 9.9 7.5 2.5 2 0 3 4 4
5642.6 4565.9 -16.2 15 0 6.0 12.0 7.5 2.5 2 1 3 1 1
5325.8 4366.7 -9.5 184 0 9.7 14.3 5.0 2.5 4 1 2 3 3
5954.6 4343.3 -18.9 290 0 8.9 24.3 7.5 2.5 2 1 3 5 5
5640.4 4383.8 -14.1 271 0 29.7 11.4 10.0 2.5 2 0 4 3 3
5508.4 4387.9 -11.6 180 0 6.2 11.6 2.5 2.5 2 1 1 0 0
5613.3 4420.5 -14.2 94 0 11.4 24.8 7.5 2.5 2 1 3 0 0
5396.3 4147.6 -4.7 186 0 21.8 15.5 12.5 2.5 2 0 5 4 4
5662.5 4453.9 -15.5 93 0 27.6 8.0 7.5 2.5 4 0 3 2 2
5522.4 4364.7 -11.8 180 0 5.3 24.0 2.5 2.5 4 1 1 3 3
5858.6 4270.6 -16.6 108 0 16.0 20.8 7.5 2.5 2 1 3 5 5
5624.1 4330.0 -12.7 274 0 10.9 19.7 5.0 2.5 2 1 2 1 1
5617.2 4447.9 -14.5 94 0 9.8 17.0 5.0 2.5 2 1 2 5 5
5492.8 4380.2 -11.1 1 0 12.2 13.9 7.5 2.5 2 1 3 5 5
5899.8 4254.6 -17.8 114 0 10.4 28.5 10.0 2.5 2 1 4 5 5
5310.4 4227.0 -4.7 183 0 8.9 11.2 5.0 2.5 4 1 2 1 1
5357.7 4425.9 -11.8 271 0 11.2 12.4 7.5 2.5 2 1 3 3 3
5330.5 4134.2 -5.1 183 0 6.5 11.6 5.0 2.5 2 1 2 4 4
5507.9 4395.9 -11.9 180 0 7.6 22.9 7.5 2.5 2 1 3 5 5
5493.0 4355.7 -10.9 1 0 29.5 13.3 7.5 0.0 0 0 3 5 5
5340.5 4270.1 -5.2 188 0 17.3 11.7 2.5 2.5 4 0 1 4 4
6023.0 4376.6 -20.9 195 0 9.8 7.6 5.0 2.5 2 0 2 0 0
5540.7 4430.1 -13.0 89 0 7.1 32.8 7.5 2.5 2 1 3 2 2
5449.4 4432.1 -11.7 271 0 7.4 15.0 2.5 2.5 2 1 1 3 3
5313.4 4195.5 -5.0 93 0 12.7 21.9 10.0 0.0 0 1 4 3 3
5389.7 4162.1 -4.5 6 0 5.4 10.8 5.0 2.5 2 1 2 0 0
5539.5 4543.4 -14.5 187 0 11.9 29.0 10.0 2.5 2 1 4 3 3
5547.3 4337.9 -11.8 180 0 14.0 15.1 5.0 2.5 2 1 2 2 2
6016.0 4380.2 -20.7 15 0 13.1 18.4 10.0 2.5 2 1 4 1 1
5493.6 4238.5 -7.5 269 0 4.6 12.1 5.0 2.5 2 1 2 1 1
5368.3 4364.7 -9.4 5 0 14.9 9.0 5.0 2.5 2 0 2 5 5
5769.3 4590.0 -18.9 94 0 17.6 9.8 7.5 2.5 2 0 3 2 2
5773.3 4377.5 -16.4 274 0 11.1 9.1 5.0 2.5 2 0 2 1 1
5509.3 4346.7 -11.1 180 0 7.9 10.9 5.0 2.5 2 1 2 4 4
5599.9 4452.4 -14.2 94 0 13.4 10.2 5.0 2.5 2 0 2 3 3
5962.8 4532.8 -21.3 112 0 8.8 9.4 7.5 0.0 0 1 3 2 2
5679.0 4357.4 -14.3 6 0 12.1 7.7 5.0 2.5 2 0 2 4 4
5684.6 4412.2 -15.3 93 0 16.2 10.9 7.5 2.5 2 0 3 0 0
5440.0 4440.8 -12.1 271 0 10.5 22.5 5.0 2.5 2 1 2 4 4
5575.4 4336.2 -12.2 180 0 12.1 10.2 7.5 2.5 2 0 3 0 0
5372.2 4306.2 -6.8 98 0 13.5 8.7 2.5 2.5 2 0 1 0 0
5687.5 4430.1 -15.8 95 0 16.0 29.2 7.5 2.5 2 1 3 4 4
5258.8 4283.6 -6.7 192 0 11.8 23.4 7.5 2.5 2 1 3 0 0
5961.8 4283.9 -18.8 296 0 4.5 10.1 5.0 2.5 4 1 2 4 4
5892.4 4343.0 -17.5 279 0 10.0 18.7 5.0 2.5 2 1 2 3 3
5349.3 4292.1 -5.9 278 0 10.5 9.7 7.5 2.5 2 0 3 3 3
5387.3 4213.9 -5.5 101 0 16.8 42.9 10.0 2.5 2 1 4 0 0
5589.2 4370.5 -13.1 273 0 41.1 27.2 10.0 0.0 0 0 4 3 3
5670.8 4287.3 -12.0 274 0 10.8 11.2 7.5 2.5 2 1 3 5 5
5245.6 4231.1 -6.3 275 0 13.4 17.5 5.0 2.5 2 1 2 5 5
5403.4 4395.5 -10.7 6 0 18.1 11.4 5.0 2.5 2 0 2 4 4
5685.7 4293.8 -12.3 4 0 9.3 9.6 7.5 2.5 2 1 3 2 2
5470.3 4286.8 -8.9 11 0 13.9 32.9 10.0 2.5 2 1 4 2 2
5296.2 4174.4 -5.7 3 0 6.9 11.7 5.0 2.5 2 1 2 2 2
5934.9 4371.8 -19.7 105 0 15.4 18.7 10.0 2.5 2 1 4 4 4
5535.8 4307.8 -11.2 180 0 10.7 28.7 10.0 2.5 2 1 4 0 0
5469.7 4442.5 -12.1 268 0 21.8 12.6 7.5 2.5 2 0 3 4 4
5255.0 4196.8 -6.2 91 0 11.3 10.8 7.5 2.5 2 0 3 0 0
5972.1 4253.5 -18.2 0 0 8.1 9.7 5.0 2.5 2 1 2 0 0
5324.4 4144.5 -5.4 3 0 9.2 12.4 7.5 2.5 2 1 3 5 5
5381.4 4379.5 -9.9 9 0 8.9 8.1 5.0 2.5 2 0 2 5 5
5938.1 4321.4 -18.6 291 0 15.4 10.5 7.5 2.5 2 0 3 3 3
5518.8 4289.4 -10.2 180 0 18.1 12.8 5.0 2.5 2 0 2 1 1
5674.9 4294.8 -12.1 4 0 11.4 13.8 5.0 2.5 2 1 2 1 1
5504.9 4433.0 -12.5 91 0 23.4 28.6 10.0 0.0 0 1 4 3 3
5508.3 4259.9 -8.5 180 0 7.9 20.2 5.0 2.5 2 1 2 0 0
5439.2 4174.8 -5.9 189 0 8.0 12.4 5.0 2.5 2 1 2 0 0
5937.7 4296.2 -18.5 283 0 8.4 7.3 2.5 0.0 0 0 1 3 3
5325.4 4161.7 -5.2 3 0 6.1 11.3 7.5 2.5 2 1 3 5 5
5503.5 4407.7 -11.8 180 0 11.6 9.9 7.5 0.0 0 0 3 2 2
5427.8 4370.1 -9.3 184 0 15.5 10.7 5.0 2.5 2 0 2 2 2
5495.4 4489.1 -13.4 181 0 50.6 38.1 12.5 0.0 0 0 5 4 4
5290.6 4190.5 -5.6 273 0 11.2 11.3 7.5 0.0 0 1 3 5 5
5525.5 4584.2 -14.9 188 0 9.3 41.5 7.5 2.5 2 1 3 3 3
5630.9 4421.2 -14.4 94 0 13.2 13.2 7.5 2.5 2 1 3 5 5
5323.9 4153.9 -5.3 3 0 7.8 10.7 2.5 2.5 2 1 1 3 3
5399.5 4377.2 -9.8 9 0 10.0 16.5 7.5 2.5 2 1 3 4 4
5567.3 4576.3 -15.0 189 0 6.8 7.4 5.0 2.5 2 1 2 2 2
5534.2 4371.4 -11.9 180 0 6.3 12.3 7.5 2.5 2 1 3 2 2
5386.0 4190.3 -4.4 272 0 11.4 18.9 7.5 2.5 2 1 3 1 1
5627.9 4443.0 -14.6 94 0 8.5 12.7 7.5 2.5 2 1 3 1 1
5590.6 4243.6 -9.8 6 0 12.3 18.7 7.5 2.5 2 1 3 1 1
5397.7 4173.7 -4.3 186 0 8.4 19.9 7.5 2.5 2 1 3 0 0
5368.9 4427.5 -11.8 271 0 8.5 24.9 2.5 2.5 2 1 1 5 5
5625.5 4281.3 -11.1 94 0 12.0 11.4 2.5 2.5 2 0 1 4 4
6009.8 4401.5 -21.2 15 0 8.0 8.2 5.0 2.5 2 1 2 2 2
6136.9 4187.7 -20.9 13 0 8.4 8.9 7.5 2.5 2 1 3 5 5
5490.6 4330.3 -10.4 11 0 13.9 22.1 12.5 2.5 2 1 5 0 0
6810.0 4182.2 -22.6 182 0 7.3 12.6 2.5 2.5 4 1 1 3 3
5643.0 4528.6 -15.8 4 0 11.9 18.7 5.0 2.5 4 1 2 4 4
6137.5 5164.0 -19.0 200 0 4.3 10.5 7.5 2.5 2 1 3 0 0
5335.6 4188.5 -4.5 183 0 5.2 11.9 7.5 2.5 2 1 3 0 0
5657.0 4367.0 -14.0 276 0 8.8 22.9 5.0 0.0 0 1 2 3 3
6614.8 4896.9 -21.1 2 0 5.9 8.4 7.5 2.5 2 1 3 0 0
5482.4 4418.4 -11.4 358 0 15.5 18.7 10.0 2.5 2 1 4 0 0
5659.9 4323.1 -13.3 4 0 10.8 8.5 5.0 2.5 4 0 2 1 1
5509.1 4358.2 -11.3 180 0 9.8 10.7 7.5 2.5 2 1 3 5 5
5482.1 4302.8 -9.6 16 0 13.9 11.5 5.0 2.5 2 0 2 3 3
5313.9 4251.9 -4.8 188 0 17.2 21.5 7.5 2.5 2 1 3 3 3
6023.2 4393.5 -21.4 105 0 8.1 9.6 5.0 2.5 2 1 2 5 5
5606.8 4550.8 -15.4 276 0 8.8 23.0 5.0 2.5 2 1 2 3 3
6038.5 4346.6 -21.3 108 0 11.7 23.4 10.0 2.5 4 1 4 5 5
5413.9 4395.4 -10.5 188 0 17.3 21.2 10.0 2.5 2 1 4 5 5
6101.3 4231.9 -20.5 193 0 19.8 9.0 5.0 2.5 2 0 2 4 4
5692.0 4520.5 -16.6 274 0 8.0 6.1 2.5 2.5 2 0 1 5 5
5397.3 4164.1 -4.5 186 0 8.1 20.8 5.0 2.5 2 1 2 3 3
6086.1 4333.7 -21.8 92 0 22.6 11.6 7.5 0.0 0 0 3 2 2
5597.7 4435.4 -14.0 94 0 10.5 15.9 5.0 2.5 2 1 2 4 4
5363.6 4206.5 -4.1 88 0 7.8 13.5 5.0 2.5 2 1 2 4 4
6017.9 4405.9 -21.5 105 0 6.3 11.0 7.5 2.5 2 1 3 2 2
5611.6 4513.9 -15.0 4 0 11.9 18.7 7.5 2.5 2 1 3 5 5
5621.7 4557.2 -15.8 6 0 13.3 17.3 2.5 2.5 2 1 1 5 5
5833.4 4602.6 -19.2 24 0 13.4 12.4 7.5 2.5 2 0 3 5 5
5543.4 4418.1 -12.5 270 0 12.6 11.1 5.0 2.5 2 0 2 5 5
5509.2 4367.5 -11.3 180 0 4.2 9.6 5.0 2.5 2 1 2 3 3
5876.8 4638.8 -19.2 293 0 12.4 21.5 7.5 2.5 2 1 3 2 2
5265.4 4307.4 -7.3 192 0 19.2 21.8 10.0 2.5 2 1 4 0 0
5928.2 4335.6 -18.2 290 0 8.6 10.5 5.0 2.5 2 1 2 1 1
5680.1 4401.9 -14.9 274 0 8.5 8.9 7.5 2.5 2 1 3 1 1
5618.6 4531.2 -15.4 6 0 11.6 9.0 5.0 2.5 4 0 2 0 0
5295.8 4230.4 -5.1 95 0 11.0 18.3 7.5 2.5 4 1 3 1 1
6789.0 5211.2 -19.0 262 0 10.6 9.0 5.0 2.5 2 0 2 0 0
5767.2 4295.4 -14.2 274 0 6.5 6.6 2.5 2.5 4 1 1 0 0
5372.7 4332.7 -7.9 8 0 10.7 10.1 5.0 2.5 2 0 2 5 5
5701.5 4465.0 -16.1 5 0 8.1 9.6 7.5 0.0 0 1 3 1 1
6113.6 4235.5 -20.8 193 0 10.2 7.4 5.0 2.5 2 0 2 0 0
5619.5 4389.7 -13.6 273 0 9.3 18.0 2.5 2.5 2 1 1 1 1
5384.6 4329.6 -7.7 8 0 11.1 9.8 5.0 2.5 2 0 2 3 3
5555.1 4220.6 -8.7 3 0 8.3 22.1 5.0 2.5 2 1 2 5 5
6515.4 5102.1 -21.4 92 0 7.5 9.8 5.0 2.5 2 1 2 1 1
5621.0 4627.6 -16.6 1 0 8.6 17.1 5.0 2.5 2 1 2 5 5
5255.4 4265.5 -6.4 187 0 14.6 23.9 7.5 2.5 2 1 3 1 1
5501.5 4299.5 -10.2 180 0 10.1 15.1 10.0 2.5 2 1 4 3 3
5395.3 4328.4 -8.1 184 0 37.4 15.4 12.5 2.5 2 0 5 5 5
5291.3 4146.9 -6.0 3 0 7.3 11.1 2.5 0.0 0 1 1 4 4
5767.7 4276.0 -14.2 94 0 12.3 7.9 7.5 2.5 2 0 3 1 1
5353.8 4397.2 -10.7 184 0 8.0 10.5 5.0 2.5 2 1 2 0 0
5269.9 4227.2 -5.8 271 0 10.7 15.4 5.0 2.5 2 1 2 2 2
5442.4 4136.4 -5.5 99 0 6.9 7.8 7.5 2.5 2 1 3 3 3
5493.5 4287.9 -9.5 180 0 9.6 7.7 7.5 2.5 2 0 3 1 1
5392.1 4302.9 -7.1 183 0 9.7 22.5 7.5 2.5 2 1 3 3 3
5288.9 4134.9 -6.2 3 0 9.1 13.1 7.5 2.5 2 1 3 3 3
5618.2 4370.4 -13.3 274 0 7.3 31.7 5.0 2.5 2 1 2 0 0
5440.2 4364.1 -9.6 184 0 24.7 11.9 5.0 2.5 2 0 2 0 0
6332.2 5050.9 -20.4 1 0 7.0 12.5 7.5 2.5 2 1 3 1 1
5519.7 4373.5 -11.7 180 0 8.3 11.5 7.5 2.5 2 1 3 1 1
5458.4 4190.7 -6.9 189 0 22.9 29.3 10.0 0.0 0 1 4 5 5
5984.0 4282.8 -19.1 359 0 8.6 12.4 7.5 2.5 2 1 3 5 5
5394.2 4441.0 -12.4 271 0 22.0 31.9 15.0 0.0 0 1 6 3 3
5413.4 4319.0 -7.9 184 0 16.0 16.4 10.0 2.5 2 1 4 3 3
5293.9 4165.4 -5.8 3 0 6.9 10.5 2.5 2.5 2 1 1 3 3
6491.1 5105.4 -21.4 92 0 10.3 4.8 7.5 2.5 2 0 3 0 0
5549.5 4362.9 -12.1 180 0 6.2 10.4 5.0 2.5 2 1 2 3 3
5639.5 4245.3 -11.1 94 0 16.9 10.5 2.5 2.5 2 0 1 4 4
5380.5 4360.6 -9.1 9 0 11.5 9.8 2.5 2.5 2 0 1 1 1
5652.9 4146.4 -11.0 6 0 9.7 16.7 7.5 2.5 2 1 3 1 1
5368.3 4293.6 -5.8 278 0 6.7 17.1 7.5 2.5 2 1 3 2 2
5585.7 4578.5 -15.3 278 0 10.7 30.3 7.5 2.5 4 1 3 4 4
5340.0 4218.8 -4.2 93 0 10.5 16.1 10.0 2.5 2 1 4 3 3
5345.8 4349.9 -8.6 189 0 9.2 17.6 7.5 2.5 2 1 3 0 0
5323.5 4228.9 -4.5 183 0 16.6 10.6 5.0 2.5 2 0 2 2 2
5387.3 4138.4 -4.4 6 0 7.8 11.4 5.0 2.5 2 1 2 0 0
5657.5 4311.5 -12.6 4 0 9.3 11.8 7.5 2.5 2 1 3 0 0
5584.4 4448.9 -13.9 94 0 13.7 15.1 5.0 2.5 2 1 2 5 5
5622.0 4246.9 -10.6 94 0 10.1 6.3 7.5 2.5 2 0 3 5 5
5973.8 4371.6 -19.9 105 0 8.3 10.2 2.5 2.5 2 1 1 3 3
5468.3 4373.7 -10.2 1 0 17.8 14.6 7.5 2.5 2 0 3 3 3
5345.5 4382.7 -10.2 185 0 13.2 25.0 7.5 2.5 2 1 3 3 3
5785.0 4663.0 -17.9 208 0 7.6 6.6 7.5 2.5 2 0 3 5 5
6454.9 5087.2 -21.2 92 0 6.9 7.6 2.5 2.5 2 1 1 4 4
5729.9 4281.1 -13.4 94 0 11.8 8.8 5.0 0.0 0 0 2 4 4
5360.6 4183.0 -4.4 3 0 16.2 12.4 5.0 2.5 4 0 2 5 5
5669.9 4405.1 -14.7 276 0 9.1 19.9 7.5 2.5 2 1 3 4 4
5453.9 4413.8 -10.9 273 0 15.4 15.8 5.0 2.5 2 1 2 2 2
5373.2 4241.3 -5.0 104 0 16.6 14.4 2.5 2.5 2 0 1 0 0
5980.0 4668.6 -19.2 10 0 17.7 13.2 2.5 0.0 0 0 1 3 3
5333.8 4162.2 -4.8 183 0 8.1 10.8 5.0 2.5 2 1 2 3 3
5579.4 4489.4 -14.5 94 0 31.5 18.1 7.5 2.5 2 0 3 3 3
5511.8 4309.6 -10.5 180 0 6.9 10.9 5.0 2.5 2 1 2 4 4
5821.3 4437.9 -18.4 206 0 24.8 15.9 7.5 2.5 2 0 3 4 4
5661.5 4653.3 -17.4 288 0 24.9 24.3 10.0 0.0 0 0 4 5 5
6660.4 4976.5 -21.0 0 0 7.8 11.4 2.5 2.5 2 1 1 4 4
5506.5 4336.2 -10.9 180 0 9.0 6.9 2.5 2.5 2 0 1 5 5
5385.6 4289.6 -6.0 284 0 12.8 24.7 10.0 2.5 2 1 4 3 3
5977.8 4727.5 -18.2 4 0 20.3 4.9 7.5 2.5 4 0 3 1 1
5582.8 4431.3 -13.7 94 0 14.8 15.6 5.0 2.5 2 1 2 5 5
5688.7 4338.7 -14.1 6 0 10.3 8.6 7.5 2.5 2 0 3 0 0
6914.1 4150.4 -22.8 180 0 13.3 5.6 5.0 2.5 2 0 2 4 4
6486.6 5083.8 -21.3 92 0 3.8 12.0 5.0 2.5 2 1 2 0 0
5340.4 4314.4 -7.1 188 0 9.0 23.1 5.0 0.0 0 1 2 3 3
5664.0 4430.0 -15.1 93 0 13.8 8.1 2.5 0.0 0 0 1 4 4
5319.1 4295.3 -6.5 188 0 17.9 12.2 5.0 2.5 4 0 2 2 2
6465.8 5085.9 -21.3 92 0 5.8 9.3 5.0 2.5 4 1 2 4 4
6127.4 5092.6 -18.5 88 0 12.2 13.0 5.0 2.5 2 1 2 0 0
6456.1 5096.3 -21.2 92 0 7.8 5.1 5.0 2.5 2 0 2 2 2
6184.7 5086.2 -18.9 93 0 21.4 21.0 10.0 2.5 2 0 4 5 5
6130.6 5405.3 -20.2 313 0 7.3 21.4 7.5 2.5 2 1 3 3 3
6111.3 4300.6 -21.2 13 0 13.3 10.1 5.0 2.5 4 0 2 3 3
6853.1 4152.6 -22.5 90 0 12.0 4.4 7.5 0.0 0 0 3 0 0
6214.8 5025.0 -19.1 92 0 6.6 9.3 5.0 2.5 2 1 2 3 3
6466.9 5096.8 -21.3 92 0 6.7 4.9 2.5 2.5 2 0 1 4 4
6132.9 4508.8 -23.2 284 0 8.6 13.7 7.5 2.5 2 1 3 5 5
6712.7 4822.2 -22.6 4 0 6.8 10.0 2.5 2.5 2 1 1 2 2
6083.5 4189.8 -19.1 13 0 9.1 9.8 5.0 2.5 2 1 2 3 3
6796.7 4149.1 -22.1 286 0 22.7 11.9 10.0 2.5 2 0 4 5 5
6207.6 5168.5 -19.5 295 0 16.5 12.1 5.0 2.5 2 0 2 3 3
6136.8 5398.6 -20.2 313 0 6.7 19.8 5.0 2.5 2 1 2 0 0
6080.9 4375.2 -22.2 284 0 9.1 7.6 7.5 2.5 2 0 3 1 1
6313.9 4195.8 -21.0 292 0 8.8 3.9 7.5 0.0 0 0 3 2 2
6102.7 4195.9 -19.9 193 0 7.3 4.2 7.5 2.5 4 0 3 5 5
6075.8 5392.5 -20.3 133 0 7.1 17.5 7.5 2.5 2 1 3 1 1
6794.8 4133.0 -21.9 298 0 7.3 4.7 2.5 0.0 0 0 1 3 3
6254.9 4200.5 -20.0 183 0 12.7 6.5 5.0 2.5 4 0 2 2 2
6318.4 4203.5 -21.4 296 0 10.6 7.0 5.0 2.5 2 0 2 3 3
6396.7 5134.0 -21.1 289 0 6.2 7.4 7.5 2.5 4 1 3 1 1
6448.8 5373.1 -21.4 6 0 13.7 9.6 7.5 2.5 2 0 3 4 4
6511.3 5093.8 -21.4 92 0 10.4 6.1 2.5 2.5 2 0 1 1 1
6445.7 5085.9 -21.2 92 0 6.3 10.7 5.0 2.5 2 1 2 4 4
6451.9 5394.7 -21.4 5 0 7.9 10.5 5.0 0.0 0 1 2 5 5
6234.7 5061.3 -19.3 278 0 18.6 34.8 5.0 0.0 0 1 2 2 2
6632.3 4925.6 -21.1 2 0 9.2 9.5 7.5 2.5 2 1 3 4 4
6426.6 5089.7 -21.1 92 0 7.6 6.1 5.0 2.5 2 0 2 5 5
6474.6 5137.2 -21.3 272 0 3.5 9.9 5.0 2.5 2 1 2 5 5
6298.1 5065.6 -19.7 270 0 12.4 8.8 7.5 2.5 2 0 3 3 3
6073.2 5213.8 -19.0 296 0 21.7 16.5 12.5 2.5 2 0 5 1 1
6782.7 5112.8 -20.0 172 0 8.9 8.5 7.5 2.5 2 0 3 2 2
6250.7 5029.2 -19.4 99 0 13.7 15.1 5.0 2.5 2 1 2 5 5
6494.1 5135.6 -21.4 272 0 5.1 18.3 7.5 2.5 2 1 3 5 5
6128.8 4252.5 -21.7 193 0 10.6 12.1 7.5 2.5 2 1 3 3 3
6839.6 4142.7 -22.4 90 0 8.8 15.7 5.0 2.5 2 1 2 3 3
6312.5 5060.0 -20.1 268 0 10.8 12.5 7.5 2.5 2 1 3 5 5
6653.0 5012.0 -21.0 274 0 15.2 5.7 2.5 2.5 2 0 1 5 5
6041.4 5202.1 -18.6 203 0 4.5 7.0 5.0 0.0 0 1 2 5 5
6101.9 4268.3 -20.5 13 0 11.1 9.0 7.5 2.5 2 0 3 2 2
6122.8 4417.4 -23.6 14 0 13.9 8.8 2.5 2.5 4 0 1 3 3
6853.4 4140.1 -22.4 90 0 11.6 11.0 7.5 2.5 2 0 3 1 1
6096.2 4245.1 -20.1 13 0 9.7 8.3 2.5 2.5 2 0 1 4 4
6558.2 5115.2 -21.5 2 0 5.2 8.2 5.0 2.5 2 1 2 1 1
6439.6 5331.1 -21.4 111 0 6.2 9.4 5.0 2.5 2 1 2 2 2
6384.6 5334.5 -21.2 196 0 8.4 8.9 7.5 2.5 2 1 3 5 5
6759.8 5204.8 -19.5 262 0 12.3 10.9 5.0 2.5 2 0 2 5 5
6194.5 5175.1 -19.5 293 0 6.8 11.8 7.5 2.5 2 1 3 0 0
6481.1 5136.5 -21.4 272 0 6.0 8.8 7.5 2.5 2 1 3 5 5
6153.4 5383.7 -20.2 313 0 26.7 22.2 10.0 2.5 2 0 4 3 3
6855.0 4163.6 -22.6 90 0 8.3 4.4 7.5 2.5 2 0 3 1 1
6307.5 4646.8 -21.4 116 0 14.0 22.8 5.0 2.5 2 1 2 1 1
6777.4 5160.8 -19.5 172 0 8.0 6.7 5.0 2.5 2 0 2 1 1
6273.6 4189.8 -20.0 106 0 6.7 11.3 7.5 2.5 2 1 3 1 1
6203.3 5328.7 -20.1 43 0 25.8 47.0 7.5 0.0 0 1 3 4 4
6384.8 5138.4 -21.1 287 0 7.5 8.5 5.0 2.5 2 1 2 3 3
6190.2 5066.9 -18.8 272 0 9.2 9.7 7.5 2.5 2 1 3 0 0
6268.6 5087.6 -19.4 89 0 16.0 10.4 7.5 2.5 2 0 3 3 3
6445.9 5067.0 -21.3 271 0 6.6 7.4 7.5 2.5 2 1 3 3 3
6887.5 4181.1 -22.8 270 0 5.5 7.3 7.5 0.0 0 1 3 2 2
6051.1 4340.7 -21.7 109 0 13.1 23.8 10.0 2.5 2 1 4 1 1
6422.2 5108.9 -21.1 100 0 12.1 6.7 7.5 2.5 2 0 3 1 1
6707.0 6610.7 -7.6 189 0 16.5 15.6 7.5 2.5 2 0 3 4 4
6863.2 6655.2 -4.5 97 0 6.1 32.5 2.5 2.5 2 1 1 0 0
6802.4 6782.2 -4.2 7 0 49.0 8.6 5.0 2.5 2 0 2 0 0
6700.9 6522.4 -8.5 186 0 13.6 12.8 2.5 2.5 2 0 1 2 2
6893.3 6664.1 -4.1 7 0 29.2 6.8 7.5 2.5 4 0 3 2 2
6821.0 6773.1 -4.0 187 0 51.4 9.5 7.5 2.5 2 0 3 2 2
6692.3 6541.1 -8.8 273 0 11.1 20.1 5.0 2.5 2 1 2 5 5
6816.7 6778.1 -4.1 7 0 47.0 9.4 7.5 2.5 2 0 3 1 1
6713.3 6535.1 -8.2 193 0 11.5 20.8 7.5 2.5 2 1 3 1 1
6732.9 6547.5 -7.7 181 0 12.9 13.8 7.5 2.5 2 1 3 4 4
6881.9 6668.1 -4.3 7 0 32.3 9.2 7.5 2.5 2 0 3 0 0
6806.0 6516.6 -6.8 96 0 14.3 18.6 5.0 2.5 2 1 2 0 0
6870.0 5187.6 -18.8 7 0 4.8 12.8 7.5 2.5 2 1 3 2 2
6912.1 5283.9 -16.6 7 0 7.6 8.0 5.0 2.5 2 1 2 3 3
6899.6 5663.4 -13.3 6 0 12.3 4.7 2.5 2.5 4 0 1 0 0
6869.0 5080.0 -19.6 2 0 8.7 6.7 5.0 2.5 2 0 2 4 4
6092.7 5867.3 -20.8 203 0 19.4 18.6 10.0 0.0 0 0 4 1 1
6914.4 5671.1 -12.8 96 0 6.3 8.3 5.0 2.5 2 1 2 0 0
6648.1 6103.4 -13.4 59 0 19.8 11.4 2.5 2.5 2 0 1 4 4
6065.9 5752.9 -20.7 112 0 6.7 13.4 7.5 2.5 2 1 3 1 1
6868.0 5304.3 -17.7 7 0 8.5 9.1 7.5 2.5 2 1 3 3 3
6841.8 5336.3 -18.1 290 0 6.3 8.8 7.5 2.5 2 1 3 2 2
6181.8 4941.7 -19.0 356 0 10.3 5.7 2.5 0.0 0 0 1 2 2
6105.4 5787.6 -20.7 24 0 7.4 4.4 5.0 2.5 2 0 2 2 2
6165.7 5931.3 -20.8 23 0 20.1 13.1 7.5 2.5 2 0 3 0 0
6100.5 6337.4 -19.3 259 0 9.8 21.1 2.5 2.5 4 1 1 4 4
6829.6 6413.2 -7.3 90 0 6.2 12.0 7.5 0.0 0 1 3 2 2
6916.8 5579.9 -13.8 5 0 3.8 12.1 5.0 2.5 2 1 2 1 1
6910.1 5021.3 -19.1 16 0 9.9 7.8 5.0 2.5 2 0 2 5 5
6898.0 5286.9 -16.9 7 0 7.0 7.4 2.5 2.5 2 1 1 4 4
6837.3 5264.4 -18.9 187 0 7.4 7.5 7.5 2.5 2 1 3 4 4
6799.6 6129.4 -10.3 96 0 6.9 9.4 2.5 2.5 2 1 1 5 5
6865.6 4982.2 -20.9 288 0 4.2 12.8 2.5 2.5 4 1 1 0 0
6914.6 5684.6 -12.6 96 0 6.1 5.8 5.0 2.5 2 0 2 5 5
6895.1 5147.4 -18.2 7 0 8.7 5.6 5.0 0.0 0 0 2 0 0
6858.6 5329.5 -17.6 277 0 5.9 7.2 5.0 0.0 0 1 2 3 3
6699.5 6351.1 -10.1 90 0 8.4 8.9 7.5 2.5 2 1 3 3 3
6817.0 5228.1 -19.2 187 0 6.8 11.2 5.0 2.5 2 1 2 0 0
6891.1 5617.0 -14.0 6 0 8.3 6.9 2.5 2.5 4 0 1 0 0
6845.5 5309.1 -18.1 187 0 6.3 7.6 7.5 0.0 0 1 3 4 4
6876.1 5229.2 -18.0 7 0 3.6 8.8 7.5 0.0 0 1 3 4 4
6907.4 5266.1 -16.8 7 0 6.4 7.2 5.0 2.5 2 1 2 0 0
6874.9 5168.7 -18.6 7 0 10.9 5.9 2.5 0.0 0 0 1 4 4
6111.4 5833.7 -20.8 23 0 7.1 8.8 5.0 2.5 2 1 2 0 0
6054.9 5879.9 -20.9 23 0 15.8 12.9 5.0 2.5 2 0 2 4 4
6062.6 5834.0 -20.8 203 0 16.8 17.5 7.5 2.5 2 1 3 0 0
6903.8 5617.5 -13.6 6 0 5.7 6.6 5.0 2.5 2 1 2 1 1
6078.1 5945.1 -21.0 23 0 12.4 7.1 5.0 2.5 2 0 2 5 5
6139.8 6173.4 -20.9 110 0 9.5 17.2 5.0 2.5 2 1 2 0 0
6682.8 6367.2 -10.2 180 0 4.5 8.5 7.5 2.5 2 1 3 1 1
6165.8 5057.5 -18.6 275 0 14.1 14.3 5.0 2.5 2 1 2 2 2
6913.7 5619.9 -13.4 276 0 15.0 6.0 7.5 2.5 2 0 3 1 1
6859.6 4985.1 -21.1 288 0 6.5 10.3 7.5 2.5 2 1 3 5 5
6882.8 5265.3 -17.4 7 0 4.7 6.9 5.0 2.5 2 1 2 2 2
6878.6 6162.4 -9.2 276 0 15.9 14.7 5.0 2.5 2 0 2 5 5
6109.6 5885.3 -20.8 203 0 7.2 14.5 5.0 2.5 4 1 2 3 3
6878.4 5302.5 -17.3 7 0 8.3 8.8 5.0 2.5 4 1 2 4 4
6839.2 5281.3 -18.6 187 0 6.2 8.5 7.5 2.5 2 1 3 3 3
6779.4 6128.5 -10.7 86 0 6.6 8.8 7.5 2.5 2 1 3 5 5
6845.9 5240.1 -18.7 187 0 4.8 8.2 7.5 2.5 2 1 3 0 0
6915.7 5571.7 -13.9 4 0 10.2 12.5 5.0 2.5 2 1 2 1 1
6883.8 5224.4 -17.7 7 0 5.4 6.9 2.5 2.5 2 1 1 5 5
6690.4 6252.6 -11.5 256 0 8.0 59.8 7.5 0.0 0 1 3 2 2
6896.2 5278.2 -17.0 7 0 7.2 7.9 7.5 2.5 2 1 3 2 2
6164.9 5975.0 -20.9 23 0 12.3 20.2 7.5 2.5 4 1 3 1 1
6390.5 5092.2 -21.0 96 0 6.9 5.4 7.5 2.5 4 0 3 0 0
6053.9 5956.0 -21.0 23 0 9.8 5.8 2.5 2.5 2 0 1 1 1
6884.7 5034.9 -19.3 196 0 4.8 8.6 7.5 2.5 2 1 3 3 3
6155.2 4939.0 -18.9 183 0 20.2 18.3 10.0 2.5 2 0 4 3 3
6167.1 6209.8 -20.7 21 0 27.2 62.0 7.5 0.0 0 1 3 0 0
6755.5 6190.6 -10.7 266 0 8.6 10.1 7.5 2.5 2 1 3 1 1
6867.4 5327.6 -17.3 277 0 6.0 7.4 7.5 2.5 2 1 3 3 3
6063.7 5809.5 -20.8 203 0 14.2 25.4 7.5 2.5 2 1 3 2 2
6530.6 5721.3 -18.9 290 0 6.1 12.3 7.5 0.0 0 1 3 2 2
6297.0 5105.1 -19.6 95 0 7.9 11.3 7.5 2.5 4 1 3 4 4
6091.2 5843.0 -20.8 203 0 7.4 11.7 7.5 2.5 2 1 3 1 1
6914.4 5549.6 -13.9 184 0 9.1 9.7 7.5 2.5 2 1 3 0 0
6757.9 6166.7 -10.8 266 0 9.1 9.4 5.0 2.5 2 1 2 2 2
6885.3 5230.5 -17.6 7 0 4.7 7.1 2.5 2.5 2 1 1 2 2
6086.6 5935.2 -20.9 113 0 6.8 16.3 7.5 2.5 2 1 3 5 5
6875.0 5051.9 -19.6 1 0 4.9 8.0 7.5 2.5 2 1 3 3 3
6676.6 6250.0 -11.7 256 0 6.9 60.5 7.5 2.5 2 1 3 2 2
6906.4 5249.3 -17.0 7 0 5.8 7.7 2.5 0.0 0 1 1 5 5
6045.7 5762.0 -20.8 115 0 26.2 15.1 10.0 2.5 2 0 4 5 5
6880.8 5317.3 -17.1 7 0 10.0 8.3 7.5 2.5 2 0 3 1 1
6730.1 6107.6 -11.7 166 0 9.6 4.1 7.5 2.5 2 0 3 1 1
6885.9 5272.2 -17.4 7 0 5.1 10.3 7.5 2.5 2 1 3 4 4
6834.1 5247.1 -19.1 187 0 8.2 6.7 7.5 2.5 2 0 3 3 3
6041.0 5963.9 -21.0 203 0 12.7 6.7 7.5 2.5 2 0 3 1 1
6080.2 5976.9 -21.0 23 0 4.6 7.3 7.5 2.5 2 1 3 1 1
6186.8 4928.8 -19.1 357 0 5.3 9.4 5.0 2.5 2 1 2 3 3
6098.9 5790.6 -20.7 23 0 8.7 6.6 7.5 2.5 2 0 3 3 3
6182.9 4983.9 -18.9 5 0 30.6 7.2 7.5 0.0 0 0 3 3 3
6866.6 5295.6 -17.8 7 0 6.7 9.5 5.0 2.5 2 1 2 3 3
6735.7 6375.6 -9.3 0 0 6.9 6.6 2.5 0.0 0 0 1 4 4
6821.3 6416.2 -7.4 90 0 4.5 7.3 7.5 2.5 2 1 3 5 5
6738.0 6353.1 -9.5 0 0 3.5 9.7 5.0 2.5 2 1 2 2 2
6032.9 6031.0 -21.1 203 0 9.9 16.5 5.0 2.5 2 1 2 0 0
6900.6 5539.8 -14.5 4 0 6.9 9.4 7.5 0.0 0 1 3 3 3
6070.0 4570.8 -21.4 117 0 6.4 6.8 2.5 2.5 2 1 1 1 1
6914.2 5478.7 -14.6 103 0 7.5 4.3 7.5 2.5 4 0 3 0 0
6840.2 4906.1 -22.8 18 0 16.9 13.4 5.0 2.5 2 0 2 5 5
6915.4 5032.0 -18.8 16 0 7.8 8.2 5.0 2.5 2 1 2 4 4
6691.1 6351.7 -10.2 90 0 5.3 9.3 7.5 2.5 2 1 3 0 0
6876.5 5293.8 -17.4 7 0 6.8 8.4 5.0 2.5 2 1 2 0 0
6888.7 5289.3 -17.1 7 0 7.8 8.8 7.5 0.0 0 1 3 2 2
6824.6 5262.3 -18.8 187 0 9.5 3.4 5.0 2.5 2 0 2 2 2
6887.2 4970.3 -20.3 288 0 9.5 10.0 7.5 2.5 2 1 3 3 3
6913.3 5092.9 -18.2 199 0 17.2 5.1 7.5 2.5 2 0 3 1 1
6880.4 5210.1 -18.0 7 0 5.2 6.1 7.5 2.5 2 1 3 3 3
6909.2 5231.5 -17.1 7 0 7.6 9.0 7.5 2.5 4 1 3 0 0
6900.6 5325.3 -16.5 7 0 9.8 10.2 5.0 2.5 2 1 2 3 3
6867.4 5260.6 -18.0 7 0 6.3 6.5 7.5 0.0 0 1 3 0 0
6091.8 5900.7 -20.9 203 0 27.6 13.9 7.5 2.5 2 0 3 5 5
6882.0 5333.0 -16.8 277 0 7.6 8.5 2.5 2.5 2 1 1 5 5
6827.6 5233.7 -19.1 187 0 5.0 9.0 7.5 2.5 4 1 3 1 1
6365.7 5105.9 -21.0 103 0 9.2 7.5 7.5 2.5 2 0 3 4 4
6904.6 5587.9 -14.0 6 0 7.9 10.9 2.5 2.5 2 1 1 0 0
6888.1 5243.7 -17.5 7 0 7.5 9.0 5.0 2.5 2 1 2 5 5
6880.1 5155.3 -18.4 7 0 8.7 3.7 2.5 0.0 0 0 1 5 5
6079.4 5873.6 -20.9 203 0 19.4 13.4 7.5 2.5 2 0 3 5 5
6060.0 6020.9 -21.1 293 0 7.0 13.7 5.0 2.5 4 1 2 4 4
6037.1 5837.4 -20.9 23 0 70.9 15.1 7.5 2.5 2 0 3 2 2
6062.8 5787.7 -20.8 203 0 9.6 22.3 5.0 2.5 2 1 2 3 3
6681.3 6381.8 -10.1 180 0 7.0 5.1 5.0 2.5 2 0 2 3 3
6675.3 6421.7 -9.9 270 0 8.3 5.4 2.5 2.5 2 0 1 5 5
6915.3 5465.6 -15.0 13 0 9.1 14.8 2.5 2.5 2 1 1 5 5
6852.4 4993.6 -21.3 288 0 7.4 14.0 2.5 2.5 2 1 1 4 4
6872.3 5193.8 -18.7 7 0 5.1 13.9 5.0 2.5 2 1 2 2 2
6817.0 4962.1 -22.2 212 0 4.9 9.5 7.5 2.5 2 1 3 5 5
6836.2 5256.0 -19.0 187 0 5.6 7.3 7.5 2.5 2 1 3 5 5
6915.0 5646.8 -13.2 6 0 7.9 8.9 2.5 2.5 2 1 1 2 2
6913.0 5559.7 -14.0 6 0 9.1 9.9 5.0 2.5 2 1 2 2 2
6881.7 5217.9 -17.9 7 0 5.6 6.8 7.5 0.0 0 1 3 0 0
6709.6 6172.8 -11.5 80 0 8.0 13.1 2.5 2.5 2 1 1 2 2
6892.4 5530.4 -14.7 10 0 10.8 4.4 5.0 2.5 2 0 2 4 4
6889.6 5156.4 -18.2 7 0 6.8 6.6 5.0 2.5 2 0 2 4 4
6892.2 5260.3 -17.2 7 0 7.2 7.8 5.0 2.5 2 1 2 1 1
6900.2 5208.3 -17.6 7 0 6.0 12.7 5.0 2.5 4 1 2 5 5
6099.8 6002.7 -21.0 293 0 29.2 8.2 7.5 2.5 2 0 3 3 3
6882.4 5029.2 -19.4 196 0 4.8 9.7 7.5 2.5 2 1 3 3 3
6082.6 6314.6 -19.5 169 0 6.6 8.5 7.5 2.5 2 1 3 5 5
6875.1 5103.9 -19.3 7 0 14.3 10.3 5.0 2.5 2 0 2 1 1
6888.3 5604.7 -14.3 6 0 11.4 9.6 7.5 2.5 2 0 3 4 4
6858.7 5338.4 -17.6 277 0 7.1 6.4 2.5 2.5 2 0 1 4 4
6053.4 5812.1 -20.8 203 0 11.9 8.8 5.0 2.5 2 0 2 4 4
6881.2 5078.6 -19.3 7 0 9.1 10.6 5.0 0.0 0 1 2 5 5
6899.2 5296.3 -16.7 7 0 7.9 7.2 2.5 0.0 0 0 1 3 3
6884.0 5182.8 -18.3 7 0 17.8 10.3 7.5 2.5 2 0 3 5 5
6747.7 6500.3 -8.0 0 0 3.8 8.8 2.5 2.5 2 1 1 2 2
6080.5 5826.4 -20.8 203 0 14.0 11.5 5.0 2.5 2 0 2 5 5
6901.5 5569.2 -14.2 6 0 9.6 9.3 5.0 2.5 2 0 2 3 3
6667.9 5421.1 -19.2 1 0 13.2 8.7 7.5 2.5 2 0 3 1 1
6787.3 6128.0 -10.6 86 0 5.5 10.2 7.5 2.5 2 1 3 2 2
6906.6 5631.9 -13.5 6 0 11.8 8.0 2.5 2.5 2 0 1 0 0
6893.9 5269.7 -17.1 7 0 8.1 7.1 7.5 2.5 2 0 3 0 0
6915.4 5593.9 -13.5 96 0 6.0 9.6 7.5 2.5 2 1 3 4 4
6818.6 5237.3 -19.0 187 0 7.1 5.6 5.0 2.5 2 0 2 2 2
6910.1 5689.1 -12.8 6 0 5.1 7.4 7.5 2.5 2 1 3 3 3
6882.1 5258.8 -17.5 7 0 6.0 5.9 7.5 2.5 2 0 3 5 5
6829.2 5225.6 -19.3 187 0 6.4 5.5 2.5 2.5 2 0 1 5 5
6912.1 5455.1 -15.2 13 0 9.5 15.7 7.5 2.5 2 1 3 5 5
4401.5 4188.3 4.2 100 0 6.4 16.3 7.5 2.5 2 1 3 1 1
4372.3 4668.2 -18.6 288 0 9.0 37.3 7.5 2.5 2 1 3 4 4
5375.1 4504.8 -15.6 180 0 14.2 17.7 10.0 2.5 2 1 4 4 4
5301.0 4514.9 -16.2 273 0 32.7 22.6 15.0 0.0 0 0 6 2 2
5161.3 4274.5 -9.1 104 0 21.5 17.8 10.0 2.5 4 0 4 1 1
5232.5 4387.5 -11.1 94 0 6.6 8.4 5.0 2.5 2 1 2 0 0
4674.2 4505.5 -16.7 184 0 25.7 11.6 10.0 2.5 2 0 4 4 4
5256.6 4490.3 -15.2 272 0 10.7 7.6 5.0 2.5 2 0 2 4 4
5187.6 4301.3 -8.8 194 0 16.6 21.0 7.5 2.5 2 1 3 2 2
5236.3 4351.0 -10.4 98 0 7.7 30.6 5.0 2.5 2 1 2 4 4
5375.7 4520.6 -15.9 180 0 13.9 18.7 15.0 0.0 0 1 6 2 2
5187.8 4508.4 -16.7 185 0 17.3 13.2 5.0 2.5 2 0 2 5 5
5140.8 4441.5 -14.1 3 0 10.8 26.5 7.5 2.5 2 1 3 1 1
4416.8 4453.7 -8.7 108 0 9.0 30.6 7.5 2.5 2 1 3 0 0
4144.9 4315.4 -8.1 174 0 7.0 15.5 7.5 0.0 0 1 3 0 0
5435.4 4464.2 -13.6 90 0 16.6 9.9 5.0 2.5 2 0 2 4 4
5086.6 4351.6 -12.3 280 0 16.3 17.3 10.0 2.5 2 1 4 4 4
5487.2 4537.6 -13.9 17 0 26.1 9.6 5.0 2.5 2 0 2 2 2
5431.2 4453.5 -13.2 90 0 26.6 9.1 2.5 2.5 2 0 1 1 1
5301.3 4570.2 -19.0 93 0 14.0 20.7 7.5 2.5 2 1 3 2 2
5265.1 4467.2 -14.8 92 0 8.6 14.4 2.5 2.5 2 1 1 5 5
5101.8 4385.0 -13.3 93 0 11.9 20.2 7.5 2.5 2 1 3 3 3
5210.8 4483.6 -15.4 182 0 14.4 17.6 10.0 0.0 0 1 4 4 4
4462.2 4518.1 -10.5 18 0 30.6 9.0 7.5 2.5 2 0 3 0 0
5943.5 5085.0 -20.3 263 0 10.8 7.8 7.5 2.5 2 0 3 5 5
5186.3 4489.6 -15.9 185 0 16.9 22.7 10.0 2.5 2 1 4 0 0
5122.3 4249.5 -8.9 285 0 20.9 18.1 10.0 0.0 0 0 4 2 2
5251.4 4480.9 -14.8 272 0 14.8 10.1 5.0 2.5 4 0 2 2 2
5302.4 4397.0 -11.0 3 0 7.0 10.0 7.5 2.5 2 1 3 5 5
5931.3 5079.3 -20.2 287 0 9.5 9.0 7.5 2.5 2 0 3 4 4
5271.0 4560.1 -18.3 273 0 9.1 10.1 7.5 2.5 2 1 3 2 2
4447.7 4550.9 -13.2 108 0 9.0 30.6 7.5 2.5 2 1 3 0 0
4299.5 4444.7 -10.6 224 0 33.7 17.7 12.5 2.5 2 0 5 0 0
5021.4 4264.8 -11.4 11 0 12.1 8.6 5.0 2.5 2 0 2 5 5
5154.4 4543.9 -18.3 183 0 8.0 16.3 2.5 2.5 2 1 1 0 0
5071.0 4267.1 -10.8 100 0 20.5 18.3 10.0 2.5 2 0 4 3 3
5161.0 4416.8 -12.6 184 0 11.0 14.9 7.5 2.5 2 1 3 2 2
5102.7 4269.5 -9.7 194 0 17.4 18.7 10.0 2.5 2 1 4 4 4
4853.5 4265.9 -9.0 6 0 6.1 9.5 7.5 2.5 2 1 3 5 5
5273.5 4333.2 -8.6 93 0 23.2 11.3 12.5 2.5 2 0 5 0 0
5289.7 4475.4 -14.9 1 0 18.0 19.2 7.5 2.5 2 1 3 3 3
5151.8 4394.5 -12.4 3 0 21.7 13.1 10.0 2.5 2 0 4 2 2
4822.0 4263.5 -8.7 101 0 28.5 11.9 10.0 2.5 2 0 4 1 1
5317.1 4420.5 -12.4 10 0 15.3 22.0 7.5 0.0 0 1 3 5 5
4332.9 4204.9 2.0 100 0 9.1 13.7 2.5 2.5 2 1 1 4 4
5298.9 4530.2 -16.8 273 0 21.0 12.4 7.5 2.5 2 0 3 4 4
5158.8 4438.8 -13.7 183 0 18.8 14.3 10.0 0.0 0 0 4 5 5
5186.4 4325.0 -10.1 15 0 18.7 23.2 10.0 2.5 2 1 4 5 5
5154.5 4331.9 -10.7 10 0 18.7 13.5 10.0 2.5 2 0 4 5 5
4492.9 4538.2 -12.9 108 0 9.0 30.6 7.5 2.5 2 1 3 4 4
5213.0 4261.3 -7.6 104 0 20.0 18.4 10.0 2.5 2 0 4 4 4
5301.4 4382.1 -10.3 3 0 6.6 9.9 2.5 2.5 2 1 1 1 1
5374.3 4545.2 -16.1 180 0 4.9 19.7 7.5 2.5 2 1 3 2 2
4523.9 4334.8 -2.7 24 0 5.1 25.0 5.0 2.5 2 1 2 2 2
5049.1 4278.5 -11.3 11 0 11.8 13.7 7.5 2.5 2 1 3 2 2
5482.7 4516.6 -13.5 12 0 11.9 14.8 2.5 2.5 2 1 1 5 5
4126.0 4297.4 -7.8 174 0 7.0 15.5 5.0 2.5 2 1 2 5 5
5031.7 4286.7 -11.9 9 0 23.1 8.8 7.5 2.5 2 0 3 4 4
5357.3 4486.8 -14.8 0 0 7.9 13.0 5.0 2.5 2 1 2 5 5
5078.9 4303.1 -11.2 280 0 22.0 14.2 7.5 2.5 2 0 3 1 1
5160.8 4368.5 -11.2 184 0 16.3 11.7 2.5 2.5 2 0 1 5 5
5288.1 4371.2 -10.2 3 0 20.5 14.2 12.5 2.5 4 0 5 3 3
5164.8 4351.9 -10.5 187 0 8.0 9.3 7.5 0.0 0 1 3 4 4
5137.2 4395.2 -12.7 3 0 19.1 10.7 5.0 2.5 2 0 2 5 5
5469.1 4547.6 -14.6 2 0 11.7 16.1 5.0 2.5 2 1 2 1 1
5209.6 4543.8 -17.8 273 0 11.9 20.7 2.5 2.5 2 1 1 0 0
4347.5 4600.8 -18.2 198 0 36.6 9.0 7.5 2.5 2 0 3 2 2
5261.5 4423.3 -12.6 7 0 10.4 21.9 7.5 2.5 4 1 3 4 4
4349.3 4375.0 -6.1 41 0 7.8 19.2 5.0 0.0 0 1 2 4 4
5243.4 4262.9 -7.1 15 0 19.6 17.4 10.0 2.5 2 0 4 1 1
5375.9 4534.3 -15.9 180 0 7.4 16.9 7.5 2.5 2 1 3 2 2
5219.5 4447.1 -13.9 188 0 22.8 10.9 2.5 2.5 2 0 1 3 3
4270.9 4437.8 -10.9 224 0 7.8 11.7 7.5 2.5 2 1 3 0 0
4896.5 4415.6 -16.1 7 0 8.9 23.3 7.5 2.5 2 1 3 1 1
4214.6 4153.3 -1.2 189 0 33.1 47.6 10.0 0.0 0 1 4 5 5
4923.1 4234.2 -10.2 93 0 15.1 14.0 7.5 2.5 2 0 3 3 3
5120.5 4530.3 -18.0 92 0 13.1 6.9 5.0 2.5 2 0 2 3 3
4279.1 4346.5 -6.3 98 0 6.7 14.6 5.0 2.5 2 1 2 0 0
4881.8 4429.3 -16.2 277 0 9.8 6.1 5.0 2.5 2 0 2 0 0
4370.1 4525.2 -14.4 108 0 9.0 33.5 7.5 2.5 2 1 3 0 0
5204.7 4412.5 -12.2 187 0 12.6 13.3 7.5 2.5 2 1 3 3 3
5144.5 4284.9 -9.6 15 0 18.6 12.8 10.0 2.5 2 0 4 1 1
4793.6 4257.9 -7.9 101 0 11.5 21.8 7.5 2.5 2 1 3 3 3
5238.4 4324.5 -8.4 284 0 14.4 20.2 10.0 2.5 2 1 4 1 1
4809.5 4320.5 -10.5 11 0 5.7 10.5 5.0 0.0 0 1 2 3 3
5775.1 5198.1 -19.7 123 0 11.7 13.1 7.5 2.5 2 1 3 0 0
5338.2 4438.2 -13.3 10 0 24.6 23.9 7.5 2.5 2 0 3 2 2
4160.1 4259.7 -5.7 137 0 8.7 16.0 7.5 2.5 2 1 3 5 5
4287.7 4263.8 -0.9 233 0 22.5 19.2 7.5 2.5 2 0 3 4 4
5114.3 4466.6 -15.1 2 0 9.2 18.8 2.5 0.0 0 1 1 3 3
4385.6 4414.2 -8.0 41 0 21.7 30.3 10.0 0.0 0 1 4 4 4
4472.5 4630.3 -15.6 288 0 9.0 30.6 7.5 0.0 0 1 3 4 4
5220.2 4253.3 -7.2 284 0 28.8 42.4 10.0 0.0 0 1 4 4 4
5303.3 4405.9 -11.4 3 0 7.3 11.1 2.5 2.5 2 1 1 3 3
5391.0 4565.1 -16.3 180 0 24.2 11.5 7.5 2.5 2 0 3 2 2
5278.2 4407.1 -11.5 359 0 8.4 6.2 5.0 0.0 0 0 2 4 4
4267.2 4234.0 -1.0 275 0 9.5 36.3 7.5 2.5 4 1 3 3 3
5118.0 4514.9 -17.0 272 0 8.3 10.1 7.5 2.5 2 1 3 5 5
4956.0 4233.7 -11.2 97 0 16.2 14.8 5.0 2.5 2 0 2 3 3
5368.8 4509.8 -15.8 0 0 8.1 16.5 2.5 2.5 2 1 1 3 3
5177.3 4415.3 -12.5 187 0 13.9 23.8 10.0 2.5 2 1 4 5 5
5087.3 4256.2 -9.6 280 0 10.3 16.9 5.0 2.5 2 1 2 3 3
5151.2 4421.8 -13.2 3 0 22.4 12.3 7.5 2.5 2 0 3 5 5
5158.9 4457.5 -14.5 183 0 12.6 18.7 7.5 2.5 4 1 3 3 3
5235.4 4538.0 -17.5 273 0 13.6 15.4 5.0 2.5 2 1 2 1 1
5305.4 4432.8 -13.4 100 0 11.3 22.4 10.0 2.5 2 1 4 1 1
5056.1 4469.1 -16.6 97 0 14.4 23.9 7.5 2.5 2 1 3 4 4
5135.5 4421.7 -13.8 3 0 22.2 24.5 12.5 0.0 0 1 5 1 1
4331.9 4535.3 -16.2 108 0 9.0 35.5 7.5 2.5 2 1 3 3 3
5133.0 4345.0 -11.1 280 0 15.7 14.0 2.5 2.5 2 0 1 5 5
5276.4 4529.3 -16.9 273 0 15.0 20.4 12.5 2.5 2 1 5 3 3
5020.1 6220.0 -20.4 281 0 13.6 16.8 5.0 2.5 2 1 2 1 1
5237.6 4561.1 -18.5 273 0 8.7 15.0 5.0 2.5 2 1 2 5 5
5235.8 4514.9 -16.4 272 0 15.6 15.7 7.5 2.5 4 1 3 4 4
5191.3 4267.8 -8.2 105 0 22.1 17.2 5.0 2.5 2 0 2 4 4
4303.3 6464.9 -11.5 96 0 39.9 27.7 10.0 0.0 0 0 4 0 0
5370.2 4561.5 -16.7 180 0 18.1 19.0 7.5 2.5 2 1 3 5 5
5113.7 4347.7 -11.6 280 0 16.7 18.4 7.5 2.5 2 1 3 1 1
4226.1 4290.4 -4.7 111 0 8.6 14.5 2.5 2.5 4 1 1 3 3
5259.4 4549.9 -17.9 273 0 18.8 9.8 7.5 2.5 2 0 3 3 3
5351.1 4508.0 -15.8 0 0 10.9 11.8 2.5 2.5 2 1 1 0 0
4385.1 4571.1 -16.6 106 0 9.0 34.9 7.5 2.5 2 1 3 5 5
4382.2 6500.9 -11.3 6 0 10.5 19.6 5.0 2.5 2 1 2 1 1
4507.2 4416.8 -6.1 271 0 8.6 47.3 7.5 2.5 2 1 3 4 4
5123.5 4281.1 -9.8 105 0 6.3 16.3 7.5 2.5 2 1 3 2 2
5193.6 4542.9 -17.9 273 0 14.8 19.0 10.0 0.0 0 1 4 0 0
4235.6 6500.9 -11.6 276 0 17.5 29.8 12.5 2.5 2 1 5 4 4
5150.0 4465.5 -15.1 2 0 10.9 34.0 10.0 2.5 2 1 4 3 3
5319.8 4375.7 -10.1 3 0 14.9 7.4 7.5 2.5 2 0 3 0 0
5873.9 5045.6 -19.2 108 0 6.9 9.7 7.5 2.5 2 1 3 0 0
5641.8 4896.1 -19.2 202 0 9.0 21.4 7.5 2.5 2 1 3 2 2
4328.5 4345.6 -4.6 56 0 3.7 11.8 2.5 2.5 2 1 1 4 4
5202.4 4428.9 -13.0 187 0 16.3 19.9 7.5 0.0 0 1 3 2 2
5294.8 4335.0 -8.6 99 0 8.2 12.1 7.5 2.5 2 1 3 0 0
5420.5 4475.5 -14.3 90 0 12.7 13.8 10.0 2.5 2 1 4 4 4
4458.1 4417.0 -4.4 271 0 8.5 48.0 7.5 2.5 2 1 3 1 1
5455.3 4520.5 -13.9 0 0 8.5 5.9 5.0 2.5 2 0 2 0 0
4269.8 4288.8 -4.0 98 0 8.3 28.2 5.0 2.5 2 1 2 2 2
5259.7 4538.6 -17.4 273 0 17.2 8.6 7.5 0.0 0 0 3 2 2
5328.2 4418.5 -12.0 10 0 12.2 9.4 2.5 2.5 2 0 1 2 2
5072.3 4261.2 -10.1 280 0 15.6 18.5 10.0 2.5 2 1 4 2 2
5219.7 4408.2 -11.9 187 0 11.9 21.1 10.0 2.5 2 1 4 2 2
4124.5 4311.8 -8.5 174 0 7.0 15.5 7.5 2.5 2 1 3 3 3
5151.1 4374.2 -12.0 0 0 9.4 25.5 5.0 2.5 4 1 2 0 0
5155.1 4491.2 -15.9 183 0 9.9 27.6 7.5 2.5 2 1 3 1 1
4304.6 4543.5 -17.6 108 0 9.0 35.3 7.5 0.0 0 1 3 1 1
5102.7 4316.8 -11.1 100 0 8.8 9.4 5.0 2.5 2 1 2 4 4
5451.2 4545.6 -14.8 0 0 13.5 9.9 7.5 2.5 2 0 3 3 3
5075.7 6208.0 -20.4 281 0 19.9 6.6 7.5 2.5 2 0 3 0 0
5360.2 4543.7 -16.9 0 0 8.7 16.1 7.5 2.5 2 1 3 2 2
5182.6 4358.0 -11.2 97 0 17.9 31.9 10.0 2.5 2 1 4 2 2
5175.4 4255.2 -7.8 195 0 19.1 20.2 7.5 2.5 2 1 3 1 1
4139.6 4248.1 -6.2 137 0 8.7 16.0 2.5 2.5 2 1 1 1 1
5379.6 4447.2 -13.2 90 0 18.2 11.7 7.5 2.5 2 0 3 5 5
5290.2 4320.7 -8.0 98 0 6.4 13.3 5.0 2.5 2 1 2 3 3
5171.4 4234.5 -7.6 195 0 17.4 24.1 10.0 2.5 2 1 4 0 0
5484.0 4616.6 -15.2 28 0 14.4 10.9 7.5 2.5 2 0 3 0 0
5256.1 4405.9 -11.7 4 0 14.0 6.1 7.5 0.0 0 0 3 4 4
4211.9 4368.2 -9.1 182 0 12.1 13.2 5.0 2.5 2 1 2 2 2
5370.1 4520.2 -16.3 0 0 9.9 26.5 7.5 2.5 2 1 3 0 0
4478.4 4160.3 2.3 100 0 12.8 34.5 10.0 2.5 2 1 4 0 0
5194.8 4324.1 -9.2 195 0 18.4 21.9 7.5 2.5 2 1 3 3 3
5156.2 4474.6 -15.3 183 0 17.9 23.0 10.0 0.0 0 1 4 3 3
5253.3 4286.5 -7.4 15 0 18.5 15.5 5.0 2.5 2 0 2 4 4
5085.9 4359.4 -12.9 93 0 11.2 20.5 5.0 2.5 2 1 2 2 2
5143.5 4519.7 -17.1 272 0 13.7 15.2 7.5 2.5 4 1 3 4 4
5182.2 4460.9 -14.4 188 0 6.5 18.9 2.5 2.5 2 1 1 3 3
5342.1 4567.3 -17.8 93 0 9.9 20.4 7.5 2.5 2 1 3 2 2
5077.3 4369.8 -13.3 3 0 19.5 15.4 12.5 2.5 4 0 5 3 3
5834.4 5157.8 -19.6 27 0 10.5 15.8 5.0 2.5 2 1 2 3 3
5370.9 6116.7 -8.9 167 0 27.6 28.9 10.0 0.0 0 1 4 5 5
5397.2 4494.5 -14.8 180 0 8.5 14.9 5.0 2.5 2 1 2 4 4
5228.1 4466.3 -14.5 187 0 11.6 7.8 5.0 2.5 2 0 2 1 1
4797.8 4434.8 -16.1 279 0 4.6 7.9 5.0 2.5 2 1 2 1 1
5269.3 4409.1 -11.7 4 0 7.8 11.9 5.0 2.5 2 1 2 4 4
4263.7 4381.4 -8.1 281 0 10.2 31.9 10.0 2.5 2 1 4 5 5
4740.2 4235.7 -4.8 97 0 14.9 8.2 5.0 2.5 4 0 2 3 3
5149.1 4308.9 -10.4 10 0 17.4 23.0 7.5 0.0 0 1 3 3 3
5315.4 4562.0 -18.1 273 0 16.5 15.1 5.0 2.5 2 0 2 5 5
4857.5 4434.7 -16.4 279 0 12.3 8.3 7.5 0.0 0 0 3 3 3
5259.1 4365.3 -10.3 93 0 8.1 15.8 5.0 2.5 2 1 2 1 1
5001.4 4300.0 -12.7 277 0 18.6 19.4 7.5 2.5 2 1 3 5 5
5320.9 4400.1 -11.1 3 0 11.3 10.1 5.0 2.5 2 0 2 2 2
5157.0 4513.5 -17.0 183 0 11.5 26.4 7.5 0.0 0 1 3 0 0
4770.3 4330.7 -10.4 99 0 6.7 10.5 7.5 2.5 2 1 3 4 4
5314.8 4323.3 -7.7 8 0 11.2 5.3 2.5 2.5 2 0 1 5 5
5331.7 4455.1 -14.4 92 0 17.0 26.3 15.0 0.0 0 1 6 4 4
5148.9 4492.1 -16.3 2 0 16.6 23.8 7.5 2.5 2 1 3 3 3
4569.6 4412.1 -7.8 294 0 5.3 75.2 7.5 2.5 2 1 3 3 3
4318.3 4609.1 -18.1 198 0 35.4 9.0 7.5 2.5 2 0 3 1 1
5318.6 4387.2 -10.5 3 0 5.7 12.1 5.0 2.5 2 1 2 3 3
5191.6 6091.5 -21.0 101 0 4.8 11.2 2.5 2.5 2 1 1 2 2
5336.2 4505.7 -16.2 3 0 27.7 16.8 12.5 2.5 2 0 5 4 4
5317.4 4456.4 -14.5 92 0 8.7 25.2 5.0 2.5 2 1 2 0 0
5169.1 4256.7 -8.6 14 0 17.2 22.9 7.5 2.5 2 1 3 5 5
4194.7 4248.6 -4.4 47 0 16.0 8.7 7.5 2.5 2 0 3 3 3
5258.1 4438.3 -13.2 5 0 16.1 7.1 5.0 2.5 2 0 2 5 5
5845.9 5105.0 -19.3 27 0 14.0 26.7 10.0 2.5 4 1 4 2 2
5208.0 6091.5 -21.0 101 0 7.4 15.8 5.0 2.5 2 1 2 5 5
5493.7 4583.9 -14.3 28 0 11.9 14.0 5.0 2.5 2 1 2 0 0
5404.6 4666.6 -18.2 207 0 7.9 29.2 7.5 2.5 2 1 3 1 1
5234.5 4289.6 -8.1 14 0 17.0 24.6 12.5 2.5 2 1 5 5 5
5151.6 4359.7 -11.4 0 0 16.3 13.4 7.5 2.5 2 0 3 0 0
4507.6 4468.4 -8.5 271 0 8.6 47.3 7.5 2.5 2 1 3 4 4
5807.1 5768.8 -21.2 301 0 23.7 12.9 15.0 0.0 0 0 6 5 5
5417.1 4542.4 -15.3 175 0 14.4 18.9 12.5 2.5 2 1 5 5 5
5080.5 4314.0 -11.7 100 0 17.3 16.0 7.5 2.5 4 0 3 2 2
5500.8 4686.4 -16.4 124 0 7.8 8.3 7.5 2.5 2 1 3 4 4
5480.7 4487.5 -13.2 1 0 14.5 20.2 10.0 2.5 2 1 4 5 5
4539.0 4289.9 -0.9 5 0 7.7 7.2 7.5 2.5 2 0 3 0 0
4459.6 4180.1 3.3 100 0 8.5 15.7 5.0 2.5 4 1 2 5 5
5267.8 4456.7 -14.1 5 0 16.7 12.1 5.0 2.5 4 0 2 4 4
5259.0 4309.3 -7.9 16 0 18.5 14.3 5.0 2.5 2 0 2 0 0
5326.9 4568.4 -18.2 93 0 11.1 21.3 5.0 2.5 2 1 2 1 1
5205.9 4563.3 -18.7 273 0 7.0 16.2 7.5 2.5 2 1 3 4 4
5087.5 4383.5 -13.6 93 0 11.3 22.5 7.5 2.5 4 1 3 4 4
4411.0 4657.2 -18.7 288 0 9.0 35.8 7.5 2.5 2 1 3 4 4
5674.5 4810.4 -18.5 22 0 18.6 14.5 10.0 2.5 4 0 4 0 0
5402.7 4462.6 -14.2 90 0 17.3 20.8 15.0 0.0 0 1 6 4 4
5376.2 4476.1 -14.3 180 0 16.8 15.9 10.0 2.5 2 0 4 4 4
4887.8 4358.0 -14.7 99 0 11.1 8.0 7.5 2.5 2 0 3 1 1
5101.1 4357.9 -12.6 93 0 11.8 21.2 10.0 2.5 4 1 4 3 3
5570.1 4739.2 -17.1 195 0 12.5 20.7 12.5 2.5 2 1 5 4 4
5310.4 4373.0 -9.9 3 0 9.7 7.5 7.5 2.5 2 0 3 0 0
4763.2 4413.4 -14.4 189 0 10.8 9.1 5.0 2.5 4 0 2 0 0
5247.9 4349.0 -9.5 93 0 10.3 13.3 5.0 2.5 4 1 2 5 5
5300.5 4465.6 -14.7 92 0 17.4 17.0 10.0 2.5 2 0 4 4 4
5142.0 4527.3 -18.1 92 0 17.0 14.3 5.0 2.5 2 0 2 1 1
5183.6 4472.8 -15.0 188 0 13.3 18.5 7.5 2.5 2 1 3 0 0
5269.2 4328.1 -8.0 183 0 7.0 8.7 5.0 2.5 2 1 2 2 2
5840.2 4968.9 -18.7 124 0 9.4 13.3 5.0 2.5 2 1 2 1 1
5290.0 4440.5 -13.9 92 0 15.7 23.5 7.5 2.5 2 1 3 1 1
4434.8 4507.5 -11.2 108 0 9.0 30.6 7.5 2.5 2 1 3 5 5
5296.4 6084.0 -17.3 163 0 11.2 9.7 7.5 2.5 2 0 3 4 4
5302.7 4359.1 -9.5 3 0 15.5 11.1 2.5 2.5 2 0 1 3 3
5181.3 4302.8 -9.6 15 0 18.3 22.7 10.0 2.5 2 1 4 0 0
4145.5 4373.4 -11.4 264 0 15.5 7.0 5.0 2.5 2 0 2 4 4
5371.2 4468.6 -14.1 1 0 13.0 21.3 7.5 2.5 2 1 3 4 4
5316.8 4360.9 -9.3 3 0 6.3 12.0 5.0 2.5 2 1 2 2 2
5439.1 4483.1 -14.1 85 0 12.4 20.9 7.5 2.5 2 1 3 3 3
5469.0 4452.4 -13.0 91 0 21.7 21.8 7.5 2.5 2 1 3 4 4
5487.8 4573.1 -14.7 14 0 10.7 26.9 7.5 2.5 2 1 3 0 0
5114.5 4354.5 -12.3 93 0 11.3 24.4 10.0 2.5 2 1 4 3 3
4555.8 4468.4 -10.1 271 0 7.9 47.3 7.5 0.0 0 1 3 0 0
5283.9 4565.0 -18.4 273 0 13.1 21.3 10.0 2.5 2 1 4 2 2
5433.4 4476.8 -13.8 90 0 10.8 4.9 5.0 2.5 2 0 2 3 3
5156.5 4531.9 -17.8 183 0 11.5 12.9 5.0 2.5 2 1 2 1 1
5073.6 4341.9 -12.4 10 0 7.0 8.6 7.5 2.5 2 1 3 3 3
5462.3 4743.0 -19.3 14 0 12.6 14.4 2.5 2.5 2 1 1 0 0
5318.3 4592.8 -18.7 93 0 8.5 7.8 7.5 2.5 2 0 3 4 4
5156.6 4555.5 -18.8 183 0 8.3 14.8 5.0 2.5 2 1 2 2 2
5446.9 4715.8 -18.9 114 0 12.8 19.7 7.5 2.5 2 1 3 3 3
5326.2 4543.5 -17.3 273 0 24.8 21.8 10.0 2.5 2 0 4 2 2
5115.9 4384.7 -13.0 93 0 11.0 21.5 5.0 2.5 2 1 2 0 0
5203.7 4507.8 -16.6 182 0 17.3 22.2 10.0 0.0 0 1 4 0 0
5580.6 6035.4 -21.2 8 0 8.1 12.6 7.5 2.5 2 1 3 0 0
5516.3 6023.5 -18.4 7 0 6.8 6.0 7.5 2.5 2 0 3 4 4
5726.4 6290.1 -16.0 291 0 12.3 4.4 2.5 2.5 2 0 1 1 1
5624.9 6031.9 -21.2 7 0 13.5 8.2 5.0 2.5 2 0 2 2 2
5895.0 6173.9 -20.8 68 0 6.0 29.4 7.5 2.5 2 1 3 1 1
5596.0 5951.5 -21.3 1 0 6.2 7.2 7.5 2.5 2 1 3 1 1
5772.6 6188.2 -20.7 21 0 8.1 36.0 7.5 2.5 2 1 3 2 2
5620.7 6050.5 -21.1 7 0 13.0 27.2 10.0 2.5 2 1 4 0 0
5542.3 6070.0 -18.0 278 0 3.8 14.6 2.5 2.5 2 1 1 1 1
5553.2 6136.1 -14.0 280 0 14.5 10.2 2.5 0.0 0 0 1 2 2
5736.3 5987.5 -21.2 10 0 11.1 8.6 5.0 2.5 2 0 2 3 3
5779.6 6174.9 -20.8 21 0 6.3 10.1 2.5 2.5 2 1 1 5 5
5685.8 6279.8 -13.5 291 0 9.3 8.1 7.5 2.5 2 0 3 1 1
5528.4 6075.8 -15.5 7 0 6.8 19.2 5.0 2.5 2 1 2 0 0
5705.2 6229.0 -19.7 291 0 21.6 12.8 12.5 2.5 2 0 5 4 4
5583.2 6058.3 -21.1 8 0 17.4 19.8 10.0 2.5 4 1 4 2 2
5701.0 6305.0 -13.9 291 0 9.8 11.1 7.5 2.5 4 1 3 1 1
5543.0 6156.0 -12.2 280 0 20.2 14.1 12.5 2.5 2 0 5 0 0
5558.3 5974.9 -21.3 7 0 8.8 8.1 5.0 2.5 2 0 2 5 5
5526.5 6067.3 -16.0 7 0 7.0 20.6 5.0 0.0 0 1 2 0 0
5531.2 6244.5 -9.1 96 0 6.3 13.6 7.5 2.5 2 1 3 2 2
5582.1 6043.9 -21.1 8 0 7.9 19.8 2.5 2.5 2 1 1 3 3
5601.8 6266.6 -11.6 181 0 26.4 23.3 7.5 0.0 0 0 3 0 0
5746.9 6017.7 -21.2 10 0 12.4 12.4 2.5 2.5 2 0 1 2 2
5566.8 6157.8 -12.6 103 0 8.6 13.2 5.0 2.5 2 1 2 1 1
5587.6 5952.1 -21.3 1 0 7.2 8.6 2.5 2.5 2 1 1 3 3
5514.5 6090.9 -13.7 277 0 6.1 7.1 2.5 2.5 2 1 1 2 2
5682.6 6100.8 -21.0 182 0 24.1 10.3 2.5 2.5 2 0 1 2 2
5509.9 6152.8 -9.0 266 0 4.7 11.9 7.5 2.5 4 1 3 3 3
5561.3 5989.8 -21.3 8 0 5.7 7.6 7.5 2.5 2 1 3 0 0
5695.4 6264.3 -15.5 291 0 11.0 7.9 2.5 2.5 4 0 1 0 0
5604.2 5974.1 -21.3 8 0 19.4 12.8 7.5 2.5 2 0 3 1 1
5589.7 6245.1 -10.5 279 0 12.4 11.8 2.5 2.5 2 0 1 1 1
5499.7 6025.6 -17.7 188 0 7.9 8.2 5.0 2.5 2 1 2 4 4
5667.1 6201.2 -17.5 111 0 7.5 9.8 5.0 0.0 0 1 2 4 4
5510.8 6166.1 -8.1 269 0 5.4 11.6 5.0 2.5 2 1 2 1 1
5764.5 6175.8 -20.8 21 0 17.2 9.1 7.5 2.5 2 0 3 3 3
5744.7 6189.4 -20.7 21 0 7.9 9.5 5.0 2.5 2 1 2 4 4
5569.8 6173.2 -11.6 103 0 7.5 4.4 7.5 2.5 2 0 3 4 4
5633.4 5937.3 -21.3 1 0 10.6 9.8 7.5 2.5 2 0 3 3 3
5430.7 6061.0 -9.5 158 0 14.6 8.3 2.5 2.5 2 0 1 0 0
5721.9 6273.0 -18.1 291 0 19.8 21.5 10.0 2.5 2 1 4 2 2
5622.1 6177.2 -16.8 193 0 5.3 15.0 7.5 2.5 2 1 3 0 0
5725.1 6184.5 -20.8 21 0 17.7 19.8 7.5 2.5 2 1 3 2 2
5658.1 6338.9 -13.3 285 0 15.4 17.9 7.5 2.5 2 1 3 3 3
5798.2 6132.7 -20.9 15 0 9.7 8.8 7.5 2.5 2 0 3 4 4
5635.1 6225.6 -14.6 193 0 14.1 16.8 2.5 0.0 0 1 1 3 3
5655.7 5902.1 -21.3 318 0 6.6 9.7 7.5 2.5 2 1 3 0 0
5577.1 6003.2 -21.3 7 0 15.3 10.4 5.0 2.5 2 0 2 3 3
5622.3 6148.5 -18.3 103 0 17.5 13.2 2.5 2.5 2 0 1 0 0
5737.2 6148.2 -20.9 21 0 10.1 13.2 5.0 2.5 2 1 2 3 3
5677.9 5880.0 -21.3 285 0 12.8 26.2 10.0 2.5 4 1 4 5 5
5794.6 6317.5 -20.0 296 0 17.8 12.0 5.0 2.5 2 0 2 1 1
5653.0 6166.1 -19.6 111 0 19.8 18.4 12.5 2.5 2 0 5 0 0
5747.2 5654.3 -21.0 131 0 17.7 57.5 10.0 2.5 2 1 4 2 2
5740.3 6157.6 -20.8 21 0 8.4 16.1 7.5 2.5 2 1 3 4 4
5454.4 6096.8 -9.7 185 0 12.1 19.3 7.5 2.5 2 1 3 4 4
5623.7 6183.6 -17.0 190 0 5.4 21.2 5.0 0.0 0 1 2 5 5
5596.2 6132.5 -17.1 125 0 11.4 10.4 5.0 2.5 2 0 2 0 0
5622.0 5938.1 -21.3 1 0 12.4 15.9 10.0 0.0 0 1 4 1 1
5601.8 6124.1 -17.9 125 0 5.1 8.4 5.0 0.0 0 1 2 4 4
5661.8 5886.9 -21.3 285 0 16.1 14.0 7.5 2.5 2 0 3 5 5
5614.5 5951.1 -21.3 2 0 10.1 7.2 7.5 2.5 2 0 3 1 1
5638.1 5950.9 -21.3 1 0 11.5 11.4 5.0 2.5 2 0 2 2 2
5544.8 5998.0 -21.3 7 0 16.2 19.1 10.0 2.5 2 1 4 4 4
5536.6 6026.4 -20.2 7 0 16.7 9.8 5.0 2.5 2 0 2 3 3
5520.0 6031.9 -18.1 8 0 7.0 5.5 5.0 2.5 4 0 2 3 3
5628.1 6015.0 -21.3 8 0 11.2 12.1 2.5 2.5 4 1 1 0 0
5522.4 6041.3 -17.6 7 0 8.2 10.2 7.5 2.5 2 1 3 5 5
5453.1 6160.0 -6.1 271 0 6.0 5.9 2.5 2.5 2 0 1 4 4
5508.9 5994.0 -20.2 97 0 8.8 5.0 7.5 2.5 2 0 3 1 1
5631.4 6199.2 -15.2 110 0 17.2 12.2 7.5 2.5 2 0 3 1 1
5511.9 6002.7 -19.9 97 0 9.2 7.3 5.0 2.5 2 0 2 2 2
5805.4 6186.6 -20.8 25 0 34.0 11.8 7.5 2.5 2 0 3 4 4
5637.8 6327.9 -12.6 284 0 9.7 14.9 2.5 2.5 2 1 1 1 1
5610.4 6023.2 -21.3 7 0 25.2 21.9 10.0 2.5 2 0 4 1 1
5456.2 6029.4 -16.1 190 0 5.0 33.7 2.5 2.5 2 1 1 4 4
5770.5 6276.4 -20.5 206 0 7.5 16.0 7.5 2.5 4 1 3 3 3
5551.0 6029.1 -21.2 7 0 25.6 10.8 15.0 0.0 0 0 6 4 4
5734.3 6236.4 -20.7 291 0 18.8 20.6 12.5 2.5 4 1 5 3 3
5560.8 6197.9 -9.5 91 0 9.2 23.6 2.5 2.5 2 1 1 0 0
5689.5 6190.1 -20.7 111 0 17.5 15.9 10.0 2.5 2 0 4 0 0
5702.4 6291.0 -14.7 291 0 17.8 15.2 12.5 0.0 0 0 5 3 3
5601.8 6195.2 -14.0 178 0 9.6 19.3 2.5 0.0 0 1 1 4 4
5568.8 5953.5 -21.3 8 0 6.3 6.8 2.5 2.5 2 1 1 2 2
5552.6 6046.7 -19.7 7 0 7.3 17.3 7.5 2.5 2 1 3 5 5
5775.8 5729.8 -21.1 221 0 20.8 8.9 5.0 2.5 2 0 2 1 1
5675.1 6170.2 -20.8 199 0 8.6 16.8 5.0 2.5 2 1 2 0 0
5693.3 6255.3 -15.9 293 0 7.4 10.7 5.0 2.5 2 1 2 0 0
5297.8 6122.2 -20.9 253 0 15.6 8.1 7.5 2.5 4 0 3 3 3
5592.2 6156.4 -15.5 182 0 7.9 10.1 5.0 2.5 2 1 2 2 2
5690.0 5820.6 -21.3 97 0 15.9 15.2 7.5 2.5 2 0 3 4 4
5703.2 5859.0 -21.3 283 0 17.7 22.2 10.0 2.5 4 1 4 2 2
5675.8 6161.9 -20.8 199 0 4.1 9.6 2.5 2.5 2 1 1 5 5
5591.1 4164.6 -10.3 190 0 28.9 38.4 12.5 0.0 0 1 5 3 3
5625.3 6307.8 -12.2 207 0 6.9 10.7 7.5 2.5 2 1 3 2 2
5651.2 6314.9 -12.8 287 0 14.8 17.0 5.0 2.5 4 1 2 5 5
5958.4 6199.5 -20.8 79 0 5.2 30.3 7.5 2.5 2 1 3 1 1
5755.6 6283.9 -19.6 286 0 11.6 19.1 2.5 0.0 0 1 1 4 4
5588.9 5970.9 -21.3 7 0 8.9 14.3 5.0 2.5 2 1 2 4 4
5663.7 6310.6 -13.0 287 0 8.9 14.1 5.0 2.5 2 1 2 2 2
5910.0 6219.5 -20.8 258 0 5.2 30.3 7.5 2.5 2 1 3 0 0
5762.7 6225.4 -20.6 20 0 9.2 14.1 5.0 2.5 2 1 2 1 1
5601.8 6347.1 -12.0 188 0 8.5 9.8 2.5 2.5 2 1 1 5 5
5921.2 6221.7 -20.8 259 0 5.2 30.3 7.5 2.5 2 1 3 4 4
5763.9 6244.9 -20.6 291 0 18.6 13.0 7.5 2.5 2 0 3 4 4
5649.7 6295.4 -12.7 274 0 25.1 21.1 7.5 2.5 2 0 3 0 0
5637.4 6345.1 -12.7 284 0 6.9 12.4 7.5 2.5 2 1 3 2 2
5945.6 5886.9 -21.1 204 0 99.1 18.4 12.5 0.0 0 0 5 0 0
5641.3 4770.0 -17.3 20 0 7.4 27.5 7.5 2.5 2 1 3 3 3
5869.6 5837.5 -21.2 113 0 42.5 15.8 10.0 2.5 2 0 4 5 5
5721.6 4712.0 -16.5 112 0 9.1 43.6 7.5 2.5 2 1 3 0 0
5964.2 5799.4 -21.1 113 0 104.5 16.9 10.0 0.0 0 0 4 1 1
5746.5 4817.3 -18.7 112 0 38.5 16.3 7.5 2.5 2 0 3 5 5
