2813.2 3621.6 14.5 7 0 18.7 25.3 7.5 2.5 2 1 3 4 4
3056.4 3539.5 8.3 82 0 14.5 24.8 7.5 0.0 0 1 3 0 0
1381.0 -1078.7 1.9 86 0 21.7 24.6 5.0 2.5 2 1 2 3 3
3977.4 -518.2 -6.7 103 0 80.2 69.6 12.5 0.0 0 0 5 3 3
4005.8 -370.6 -5.8 281 0 79.4 54.3 12.5 0.0 0 0 5 4 4
2819.7 3503.5 15.1 282 0 34.3 8.9 7.5 0.0 0 0 3 3 3
2971.1 3590.7 10.2 8 0 9.4 8.8 5.0 2.5 2 0 2 4 4
2778.4 3506.7 16.6 10 0 4.9 18.6 7.5 2.5 2 1 3 2 2
635.9 -2206.9 -0.8 360 0 9.9 14.8 10.5 3.5 2 1 3 4 4
1559.8 -5815.8 -21.0 271 0 38.6 46.9 10.0 0.0 0 1 4 0 0
2265.0 -2248.0 0.1 275 0 35.9 47.5 17.5 0.0 0 1 5 5 5
2042.3 -2135.2 -5.4 191 0 12.7 25.3 14.0 3.5 2 1 4 5 5
2736.4 -1996.1 -14.3 88 0 36.8 10.5 14.0 3.5 2 0 4 0 0
2240.5 -1965.0 -4.9 278 0 29.0 57.5 14.0 0.0 0 1 4 5 5
