715.7 4893.9 -3.5 277 0 37.7 10.4 10.5 3.5 2 0 3 3 3
2619.2 4924.4 -10.2 186 0 119.8 178.6 12.5 0.0 0 1 5 4 4
129.3 4520.4 3.1 104 0 59.1 72.5 10.5 0.0 0 1 3 3 3
2640.4 5032.0 -10.5 186 0 90.7 182.1 10.0 0.0 0 1 4 4 4
4245.8 3791.3 0.0 193 0 162.5 117.4 12.5 0.0 0 0 5 2 2
-479.1 3292.7 6.4 195 0 176.1 277.9 12.5 0.0 0 1 5 4 4
-138.1 4453.6 6.5 107 0 52.4 110.3 10.5 0.0 0 1 3 0 0
-469.2 4746.6 -4.3 16 0 51.6 20.5 10.5 3.5 2 0 3 5 5
1033.2 4599.1 -3.9 193 0 42.0 13.5 10.0 2.5 2 0 4 5 5
151.1 4353.9 1.7 196 0 20.1 38.4 14.0 0.0 0 1 4 0 0
213.6 4454.6 2.0 290 0 31.1 29.3 10.5 0.0 0 0 3 5 5
59.2 4598.7 4.2 14 0 71.3 43.1 14.0 0.0 0 0 4 4 4
-57.2 4508.6 6.2 17 0 15.8 18.4 10.5 3.5 2 1 3 2 2
380.2 4671.8 1.7 187 0 15.8 16.2 14.0 3.5 2 1 4 5 5
