6561.6 4910.3 9.2 11 0 59.6 37.3 7.5 0.0 0 0 3 2 2
5940.3 4807.2 1.3 12 0 85.2 134.6 12.5 0.0 0 1 5 3 3
6224.8 4066.5 -7.7 27 0 34.7 58.6 7.5 0.0 0 1 3 5 5
6262.6 4381.3 -2.4 297 0 152.9 48.1 12.5 0.0 0 0 5 3 3
2012.4 2388.2 -13.2 270 0 194.0 135.5 12.5 0.0 0 0 5 0 0
-6340.1 -3288.7 -3.1 330 0 185.1 83.8 10.0 0.0 0 0 4 1 1
-6206.8 -3308.3 3.8 150 0 23.8 79.8 10.0 0.0 0 1 4 2 2
-6487.1 -3609.1 -2.6 60 0 99.0 108.3 12.5 0.0 0 1 5 5 5
-6152.0 -3419.5 3.1 59 0 33.0 89.0 12.5 0.0 0 1 5 1 1
2222.9 -5091.4 -7.8 177 0 12.9 8.4 5.0 2.5 4 0 2 3 3
2153.7 -4866.7 -9.7 103 0 6.2 10.4 7.5 2.5 4 1 3 2 2
2112.9 -4877.5 -9.1 290 0 5.6 9.1 7.5 2.5 4 1 3 3 3
2257.0 -4830.6 -10.9 94 0 7.6 13.1 2.5 2.5 2 1 1 1 1
2261.9 -5120.5 -8.1 93 0 4.9 6.7 5.0 2.5 2 1 2 4 4
2305.3 -4872.2 -10.3 101 0 5.8 8.3 7.5 2.5 2 1 3 1 1
2362.7 -4751.4 -12.9 99 0 4.4 12.4 5.0 2.5 2 1 2 4 4
2294.1 -5067.0 -8.3 2 0 7.1 8.4 5.0 0.0 0 1 2 5 5
2758.0 -4881.5 -12.4 2 0 21.2 14.4 10.0 2.5 4 0 4 2 2
2221.3 -4885.5 -9.6 106 0 10.7 10.3 7.5 2.5 2 0 3 4 4
2220.6 -5045.0 -7.8 270 0 11.5 13.1 10.0 2.5 2 1 4 5 5
2943.7 -4784.1 -16.0 358 0 7.1 16.3 7.5 2.5 2 1 3 5 5
2324.2 -4929.6 -9.1 289 0 11.6 4.9 2.5 2.5 2 0 1 3 3
2591.5 -4811.1 -12.8 184 0 9.2 11.7 7.5 2.5 2 1 3 1 1
2442.8 -4969.4 -9.5 90 0 9.0 10.7 7.5 2.5 2 1 3 2 2
2108.4 -4773.8 -11.0 274 0 8.3 8.4 7.5 2.5 2 1 3 5 5
2356.1 -4921.3 -9.6 92 0 4.5 8.8 7.5 2.5 2 1 3 5 5
2177.3 -4860.9 -9.8 102 0 11.3 5.6 2.5 2.5 2 0 1 3 3
2203.6 -4883.5 -9.6 103 0 7.0 10.7 7.5 2.5 2 1 3 3 3
2256.0 -4846.3 -10.6 91 0 7.8 13.2 7.5 2.5 2 1 3 5 5
2198.5 -4896.6 -9.1 283 0 5.2 10.7 5.0 2.5 2 1 2 5 5
2354.3 -4886.4 -10.3 100 0 7.9 10.7 5.0 2.5 2 1 2 5 5
2337.6 -4958.9 -8.7 267 0 10.0 13.3 7.5 2.5 4 1 3 2 2
2099.6 -4882.1 -9.0 202 0 6.1 6.3 5.0 2.5 2 1 2 3 3
2119.4 -4880.0 -9.0 291 0 5.1 9.8 7.5 2.5 4 1 3 1 1
2275.0 -5047.3 -8.2 357 0 14.4 13.1 5.0 2.5 2 0 2 4 4
2229.0 -4898.4 -9.2 283 0 17.6 15.3 10.0 2.5 2 0 4 1 1
2130.0 -4858.8 -9.7 114 0 8.4 12.0 5.0 2.5 2 1 2 2 2
2229.4 -4861.5 -10.2 109 0 6.6 13.7 5.0 2.5 2 1 2 5 5
2285.5 -5024.9 -8.2 358 0 6.5 7.7 7.5 2.5 2 1 3 5 5
2257.9 -4785.8 -11.5 0 0 4.8 8.1 5.0 2.5 2 1 2 0 0
2142.8 -4827.4 -10.3 109 0 6.9 6.1 2.5 2.5 2 0 1 5 5
2223.6 -5023.9 -7.8 267 0 5.3 8.3 7.5 2.5 4 1 3 3 3
2134.8 -4905.9 -8.9 104 0 7.2 12.3 2.5 2.5 4 1 1 1 1
2117.1 -4853.2 -9.8 101 0 8.1 15.1 7.5 2.5 2 1 3 1 1
2302.6 -4882.6 -10.0 105 0 7.3 6.3 7.5 0.0 0 0 3 1 1
2252.6 -5024.9 -8.0 267 0 11.0 6.0 2.5 2.5 2 0 1 1 1
2703.6 -4871.5 -12.1 268 0 8.4 47.7 7.5 2.5 2 1 3 4 4
2896.2 -4791.2 -15.4 265 0 8.0 12.5 7.5 2.5 2 1 3 3 3
2260.1 -4801.4 -11.2 270 0 9.4 13.9 5.0 0.0 0 1 2 0 0
2338.7 -4877.8 -10.5 101 0 4.7 18.5 5.0 0.0 0 1 2 3 3
2330.3 -4908.3 -9.8 93 0 5.9 10.0 2.5 2.5 2 1 1 3 3
2123.6 -4899.7 -8.8 107 0 11.5 6.7 5.0 2.5 2 0 2 2 2
2613.1 -4943.6 -10.9 98 0 12.2 12.9 2.5 2.5 2 1 1 1 1
2185.6 -4823.5 -10.6 118 0 5.6 9.0 2.5 2.5 2 1 1 1 1
2331.2 -4863.4 -10.5 98 0 5.7 6.6 7.5 2.5 2 1 3 4 4
2255.3 -4966.4 -8.1 12 0 4.3 8.1 5.0 2.5 2 1 2 0 0
2237.2 -5024.7 -7.9 267 0 8.8 7.8 5.0 2.5 4 0 2 0 0
2598.8 -4962.1 -10.8 97 0 8.5 22.6 7.5 2.5 4 1 3 2 2
2272.6 -4957.7 -8.5 97 0 8.3 9.9 5.0 2.5 2 1 2 2 2
2199.9 -4851.6 -10.1 105 0 8.1 6.6 2.5 2.5 2 0 1 2 2
2283.6 -4960.5 -8.5 95 0 6.0 10.5 7.5 0.0 0 1 3 5 5
2195.0 -4788.3 -11.3 113 0 7.5 10.3 2.5 2.5 2 1 1 1 1
2542.2 -4930.5 -10.3 270 0 6.8 19.3 2.5 2.5 2 1 1 1 1
2673.2 -4925.5 -11.6 90 0 54.0 5.8 7.5 0.0 0 0 3 4 4
2668.6 -5065.6 -11.4 358 0 13.1 10.1 5.0 2.5 2 0 2 0 0
2106.4 -4810.0 -10.6 92 0 24.8 14.7 7.5 2.5 2 0 3 0 0
2192.2 -4812.9 -10.9 113 0 9.0 13.2 7.5 2.5 2 1 3 2 2
3040.9 -4800.2 -17.9 90 0 6.4 8.1 5.0 2.5 2 1 2 3 3
2479.6 -4926.7 -10.0 261 0 17.5 12.2 5.0 2.5 2 0 2 0 0
2871.7 -4689.8 -17.7 294 0 12.7 17.2 5.0 0.0 0 1 2 4 4
2445.2 -4913.2 -10.1 251 0 5.7 16.0 2.5 0.0 0 1 1 1 1
2759.4 -4805.0 -13.9 87 0 11.7 8.6 7.5 2.5 2 0 3 0 0
3079.1 -4785.0 -18.8 4 0 9.0 7.4 7.5 2.5 2 0 3 4 4
3109.3 -4688.0 -21.0 282 0 28.7 44.3 12.5 0.0 0 1 5 1 1
2747.3 -4772.6 -14.5 180 0 9.7 6.1 5.0 2.5 2 0 2 3 3
2431.1 -4922.1 -9.8 250 0 7.4 13.2 5.0 2.5 4 1 2 2 2
2471.4 -4892.0 -10.6 256 0 6.7 10.5 5.0 2.5 2 1 2 2 2
2032.0 -4746.8 -11.1 271 0 10.4 6.7 5.0 2.5 2 0 2 2 2
2286.4 -4730.1 -12.8 13 0 8.2 9.8 5.0 2.5 2 1 2 0 0
1808.6 -4884.6 -7.5 184 0 7.9 6.9 5.0 2.5 2 0 2 4 4
2236.5 -4669.6 -13.6 276 0 7.2 8.2 5.0 2.5 2 1 2 2 2
2221.5 -4689.1 -13.1 281 0 5.9 16.1 7.5 2.5 2 1 3 1 1
1854.6 -4880.3 -7.7 276 0 10.6 19.7 7.5 2.5 2 1 3 5 5
1831.9 -4904.1 -7.3 94 0 6.1 7.9 7.5 2.5 4 1 3 4 4
1895.3 -4822.0 -9.1 4 0 5.5 10.7 5.0 2.5 2 1 2 4 4
1995.1 -4670.0 -12.4 270 0 22.5 24.2 12.5 2.5 2 1 5 5 5
2022.7 -4727.9 -11.5 6 0 11.2 7.2 7.5 2.5 2 0 3 0 0
2293.7 -4748.3 -12.5 3 0 9.2 22.9 7.5 2.5 2 1 3 5 5
1877.2 -4885.7 -7.7 272 0 6.1 7.7 7.5 2.5 2 1 3 0 0
1882.2 -4851.5 -8.5 91 0 6.6 6.1 7.5 2.5 2 0 3 3 3
2226.3 -4665.3 -13.6 286 0 5.8 11.0 7.5 2.5 2 1 3 3 3
2284.7 -4785.1 -11.7 6 0 8.7 11.2 7.5 0.0 0 1 3 0 0
2336.3 -4771.0 -12.4 106 0 8.0 9.8 5.0 2.5 2 1 2 0 0
1879.4 -4824.7 -9.0 94 0 7.0 6.0 7.5 2.5 2 0 3 4 4
1816.3 -4855.5 -8.0 275 0 10.7 10.5 10.0 0.0 0 0 4 4 4
2392.4 -4671.4 -14.6 101 0 5.9 13.0 7.5 2.5 4 1 3 0 0
1824.9 -4882.1 -7.5 278 0 11.5 7.6 5.0 2.5 2 0 2 4 4
2182.3 -4567.3 -15.3 181 0 6.4 9.0 7.5 2.5 2 1 3 0 0
2020.2 -4687.5 -12.3 4 0 15.7 12.2 7.5 2.5 2 0 3 4 4
1853.0 -4826.5 -8.9 89 0 7.4 6.5 2.5 2.5 2 0 1 0 0
2301.0 -4671.6 -14.1 104 0 8.4 13.6 2.5 2.5 2 1 1 1 1
2413.8 -4648.2 -14.9 279 0 7.8 12.2 7.5 0.0 0 1 3 5 5
2102.9 -4750.0 -11.4 269 0 9.9 6.1 2.5 2.5 2 0 1 0 0
2155.2 -4700.3 -12.6 276 0 22.8 28.6 10.0 0.0 0 1 4 1 1
2318.1 -4739.7 -12.9 182 0 14.5 25.1 7.5 2.5 2 1 3 2 2
1871.3 -4824.1 -9.0 92 0 7.2 5.4 5.0 2.5 4 0 2 1 1
2396.6 -4651.0 -14.7 274 0 7.5 4.7 5.0 2.5 2 0 2 5 5
1970.6 -4694.9 -12.0 182 0 13.2 15.2 2.5 2.5 2 1 1 2 2
1914.3 -4848.8 -8.8 83 0 8.1 7.0 5.0 2.5 2 0 2 5 5
2134.2 -4805.7 -10.7 97 0 14.3 9.4 7.5 2.5 4 0 3 3 3
2244.6 -4670.6 -13.6 282 0 4.2 10.5 2.5 2.5 4 1 1 4 4
1875.3 -4904.7 -7.5 100 0 6.1 6.0 5.0 2.5 2 0 2 3 3
2121.6 -4745.5 -11.6 271 0 11.7 17.3 5.0 0.0 0 1 2 5 5
1869.6 -4771.7 -9.8 266 0 4.2 11.8 5.0 2.5 2 1 2 0 0
2208.4 -4671.2 -13.4 282 0 11.6 8.6 7.5 2.5 2 0 3 1 1
1773.6 -4916.6 -6.8 189 0 19.1 12.6 2.5 2.5 2 0 1 5 5
1867.3 -4884.4 -7.7 274 0 10.8 9.6 5.0 2.5 2 0 2 2 2
2367.1 -4665.4 -14.4 6 0 12.1 5.8 5.0 2.5 2 0 2 2 2
1833.8 -4972.1 -6.1 96 0 9.7 10.9 5.0 2.5 2 1 2 1 1
2296.4 -4792.6 -11.6 274 0 7.2 15.4 7.5 2.5 2 1 3 0 0
2382.5 -4646.7 -14.8 184 0 8.7 7.0 2.5 2.5 2 0 1 1 1
2448.2 -4665.0 -14.8 9 0 8.6 11.8 7.5 0.0 0 1 3 3 3
2492.2 -4719.0 -14.0 186 0 6.6 5.1 7.5 2.5 2 0 3 3 3
2592.4 -4729.5 -14.3 181 0 7.4 14.6 7.5 2.5 2 1 3 0 0
2528.0 -4740.6 -13.9 92 0 14.3 9.8 7.5 2.5 4 0 3 1 1
2566.5 -4726.9 -14.2 183 0 8.7 4.5 5.0 2.5 2 0 2 3 3
2534.2 -4701.5 -14.4 274 0 5.2 7.0 5.0 2.5 2 1 2 2 2
2506.6 -4738.1 -13.7 95 0 10.9 3.6 2.5 2.5 2 0 1 2 2
2466.3 -4730.1 -13.7 97 0 4.7 7.3 5.0 2.5 2 1 2 4 4
2481.6 -4684.0 -14.6 3 0 10.0 13.2 7.5 2.5 2 1 3 1 1
2544.8 -4691.1 -14.8 91 0 5.3 6.4 7.5 2.5 2 1 3 0 0
2622.5 -4722.8 -14.6 8 0 9.1 10.8 5.0 2.5 2 1 2 2 2
2591.1 -4739.0 -14.2 185 0 10.5 13.0 5.0 2.5 2 1 2 2 2
2535.1 -4666.9 -15.2 189 0 7.1 4.5 7.5 0.0 0 0 3 5 5
2499.6 -4687.6 -14.7 91 0 5.1 8.1 5.0 0.0 0 1 2 3 3
2417.4 -4635.6 -15.2 90 0 7.8 6.4 5.0 0.0 0 0 2 2 2
2578.6 -4720.3 -14.4 3 0 8.2 4.5 2.5 2.5 2 0 1 5 5
2589.9 -4689.3 -15.2 1 0 17.4 13.0 7.5 2.5 2 0 3 5 5
2591.1 -4675.2 -15.5 3 0 9.2 9.5 2.5 2.5 2 1 1 1 1
2594.4 -4719.9 -14.5 180 0 9.6 11.0 5.0 2.5 2 1 2 1 1
2493.1 -4663.8 -15.0 187 0 7.2 11.9 7.5 2.5 2 1 3 4 4
2436.0 -4644.3 -15.3 95 0 4.0 13.4 2.5 2.5 2 1 1 3 3
2468.9 -4716.1 -13.9 9 0 7.2 4.3 5.0 2.5 2 0 2 1 1
2459.4 -4647.2 -15.2 183 0 9.0 11.4 5.0 2.5 2 1 2 1 1
2506.9 -4690.4 -14.7 91 0 5.5 8.4 5.0 2.5 2 1 2 3 3
2530.3 -4655.1 -15.5 190 0 10.2 13.8 7.5 0.0 0 1 3 3 3
2523.4 -4751.3 -13.5 2 0 9.9 13.1 5.0 2.5 2 1 2 3 3
5037.7 3391.0 -12.8 181 0 15.6 28.8 10.0 0.0 0 1 4 3 3
5055.9 3325.6 -13.8 73 0 8.3 10.2 2.5 2.5 2 1 1 4 4
4995.5 3513.8 -10.4 180 0 10.0 21.1 5.0 2.5 2 1 2 5 5
4781.5 3325.0 -13.8 356 0 11.4 8.9 7.5 2.5 2 0 3 2 2
4738.0 3376.2 -12.9 179 0 13.8 9.0 2.5 2.5 2 0 1 0 0
4874.9 3584.2 -10.1 359 0 10.0 10.8 2.5 2.5 2 1 1 3 3
4771.9 3418.1 -12.3 269 0 13.0 11.9 2.5 2.5 2 0 1 1 1
5133.8 3349.8 -12.8 64 0 25.9 8.6 5.0 2.5 2 0 2 0 0
4791.2 3327.6 -13.8 354 0 12.7 8.2 5.0 2.5 2 0 2 5 5
5084.2 3331.6 -13.6 75 0 29.1 18.0 10.0 2.5 2 0 4 4 4
4911.5 3484.7 -11.7 89 0 7.6 15.5 5.0 2.5 2 1 2 0 0
4814.6 3390.6 -12.8 359 0 7.3 11.1 7.5 2.5 2 1 3 0 0
4813.1 3399.9 -12.7 356 0 9.1 10.9 5.0 2.5 2 1 2 2 2
4750.2 3316.2 -13.9 85 0 7.7 10.1 7.5 2.5 2 1 3 2 2
5010.3 3293.7 -15.0 73 0 25.5 12.8 7.5 2.5 2 0 3 3 3
5058.7 3416.4 -12.0 338 0 11.9 9.1 5.0 2.5 2 0 2 1 1
5085.6 3351.7 -13.0 76 0 15.6 13.3 5.0 2.5 2 0 2 3 3
4751.6 3398.1 -12.7 269 0 9.1 17.1 5.0 2.5 2 1 2 0 0
4815.5 3381.0 -13.0 359 0 9.3 11.3 5.0 2.5 4 1 2 3 3
4753.2 3509.8 -10.6 177 0 14.3 10.0 2.5 2.5 2 0 1 0 0
4735.5 3319.8 -13.9 176 0 10.1 9.5 2.5 2.5 2 0 1 5 5
5188.7 3517.9 -9.6 104 0 10.7 6.6 7.5 2.5 2 0 3 5 5
5224.5 3761.8 -10.9 278 0 7.1 20.1 2.5 2.5 2 1 1 1 1
5537.7 3521.2 -8.5 94 0 9.0 15.2 5.0 2.5 2 1 2 4 4
5509.0 3563.1 -8.8 274 0 14.9 16.2 7.5 2.5 2 1 3 0 0
5573.3 3846.7 -11.1 4 0 6.4 13.0 5.0 2.5 2 1 2 5 5
5512.1 4359.0 -7.7 183 0 10.7 11.6 7.5 2.5 2 1 3 5 5
5285.2 3990.7 -10.4 272 0 9.9 8.5 5.0 2.5 2 0 2 5 5
5461.2 3886.2 -10.8 180 0 12.0 19.6 5.0 2.5 2 1 2 4 4
5241.0 4347.0 -10.0 87 0 11.5 6.3 5.0 2.5 2 0 2 2 2
5350.6 3999.7 -10.0 271 0 11.8 8.7 5.0 2.5 2 0 2 3 3
5463.3 3514.5 -9.6 4 0 5.3 13.7 2.5 0.0 0 1 1 3 3
5384.0 4309.7 -9.5 91 0 20.7 30.7 10.0 0.0 0 1 4 5 5
5504.0 3498.4 -9.0 94 0 8.5 9.5 7.5 2.5 2 1 3 5 5
5573.2 4450.8 -5.8 270 0 4.6 10.8 7.5 2.5 2 1 3 4 4
5437.0 3885.1 -10.1 94 0 10.1 8.1 2.5 2.5 2 0 1 2 2
5370.1 3958.0 -9.8 1 0 8.4 12.4 7.5 2.5 2 1 3 5 5
5241.9 3538.9 -10.8 283 0 11.1 10.8 2.5 2.5 2 0 1 5 5
5511.2 3722.2 -9.4 184 0 14.1 5.5 7.5 2.5 2 0 3 2 2
5442.0 3962.0 -10.9 277 0 10.6 15.0 5.0 2.5 2 1 2 2 2
5477.7 3831.4 -10.2 184 0 8.2 13.5 7.5 2.5 2 1 3 0 0
5261.4 3729.4 -11.2 278 0 3.8 8.8 7.5 2.5 2 1 3 2 2
5496.7 3755.5 -9.6 184 0 13.7 14.8 2.5 0.0 0 1 1 4 4
5269.5 4363.7 -9.6 274 0 6.3 7.5 5.0 2.5 2 1 2 4 4
5526.0 3958.6 -11.3 1 0 8.3 8.7 7.5 2.5 4 1 3 1 1
5238.1 3737.4 -11.0 277 0 3.9 12.5 2.5 2.5 2 1 1 5 5
5418.9 3530.6 -9.8 182 0 14.4 9.9 5.0 2.5 2 0 2 3 3
5502.1 4368.1 -7.9 3 0 21.2 22.5 10.0 0.0 0 1 4 3 3
5313.4 3532.5 -11.2 6 0 7.3 10.4 7.5 2.5 2 1 3 5 5
5538.2 3933.2 -11.3 1 0 5.3 8.4 5.0 2.5 2 1 2 1 1
5362.0 3999.6 -10.2 271 0 9.2 9.6 5.0 2.5 2 1 2 4 4
5575.8 3546.6 -8.4 4 0 8.8 7.0 5.0 2.5 2 0 2 4 4
5309.4 3555.9 -11.2 276 0 7.3 12.9 2.5 2.5 2 1 1 4 4
5203.7 3656.4 -10.2 6 0 15.3 8.9 7.5 0.0 0 0 3 5 5
5496.0 3898.7 -10.9 0 0 10.2 15.7 5.0 2.5 2 1 2 3 3
5433.7 3572.9 -9.6 180 0 22.8 13.2 7.5 2.5 2 0 3 5 5
5265.7 4346.6 -9.8 90 0 10.6 5.8 7.5 2.5 2 0 3 2 2
5457.0 3519.6 -9.5 94 0 13.2 6.7 5.0 2.5 4 0 2 5 5
5502.5 3622.6 -8.7 184 0 11.7 9.9 7.5 0.0 0 0 3 3 3
5466.2 4415.1 -7.0 90 0 5.1 8.4 2.5 2.5 2 1 1 1 1
5561.1 3736.7 -10.2 4 0 12.1 10.1 5.0 2.5 2 0 2 2 2
5527.6 4330.2 -8.1 3 0 10.6 13.3 5.0 2.5 4 1 2 0 0
5336.4 4386.1 -8.7 270 0 4.0 8.0 5.0 2.5 2 1 2 0 0
5544.1 3959.4 -11.4 1 0 6.7 5.3 2.5 2.5 2 0 1 4 4
5505.2 3530.3 -8.9 94 0 10.0 12.3 5.0 2.5 2 1 2 2 2
5542.6 4001.3 -11.6 1 0 9.1 6.4 5.0 2.5 2 0 2 3 3
5096.4 3673.6 -7.8 108 0 12.4 9.5 5.0 2.5 2 0 2 5 5
5434.8 3591.7 -9.6 180 0 7.3 12.6 7.5 2.5 2 1 3 5 5
5572.8 3829.7 -11.1 4 0 15.8 10.8 10.0 2.5 2 0 4 5 5
5511.8 4346.5 -7.9 183 0 10.7 16.1 2.5 2.5 2 1 1 1 1
5270.9 3928.6 -10.6 95 0 5.6 5.8 5.0 2.5 2 1 2 4 4
5359.3 4347.8 -9.1 90 0 10.2 7.0 5.0 2.5 2 0 2 4 4
5459.6 3597.2 -9.3 273 0 12.7 7.8 2.5 2.5 2 0 1 2 2
5308.4 3527.9 -11.3 276 0 12.3 18.3 7.5 2.5 2 1 3 1 1
5514.1 4019.4 -11.5 271 0 6.0 10.1 7.5 2.5 2 1 3 0 0
5106.3 3761.0 -8.4 198 0 20.3 12.4 7.5 2.5 2 0 3 4 4
4992.1 4363.1 -7.3 3 0 11.5 6.7 2.5 0.0 0 0 1 4 4
5616.4 4456.5 -5.3 268 0 4.0 11.0 5.0 2.5 2 1 2 2 2
5512.0 3604.3 -8.7 4 0 6.2 10.2 2.5 2.5 4 1 1 4 4
5270.3 3921.0 -10.6 91 0 6.3 5.7 5.0 2.5 2 0 2 2 2
5428.3 3914.8 -10.4 91 0 11.1 14.4 5.0 2.5 2 1 2 5 5
5451.6 3567.6 -9.5 184 0 11.7 5.3 2.5 2.5 2 0 1 1 1
4955.4 4339.9 -6.9 183 0 12.2 24.9 10.0 2.5 2 1 4 0 0
5126.1 3761.1 -8.8 195 0 9.5 9.3 5.0 2.5 2 0 2 0 0
5319.5 4393.4 -8.6 88 0 6.2 10.0 5.0 2.5 2 1 2 4 4
5315.0 4349.9 -9.4 90 0 20.0 7.4 5.0 2.5 2 0 2 4 4
5309.6 3882.5 -10.2 181 0 9.1 12.7 5.0 2.5 2 1 2 2 2
5448.9 3934.7 -10.8 272 0 8.3 6.3 2.5 2.5 2 0 1 1 1
5512.5 3741.2 -9.6 184 0 13.2 6.9 5.0 2.5 2 0 2 2 2
5303.5 3994.3 -10.2 275 0 9.0 13.5 5.0 2.5 2 1 2 5 5
5429.8 4394.8 -8.0 265 0 19.6 15.0 7.5 2.5 2 0 3 3 3
5298.4 3572.1 -11.3 6 0 14.1 13.0 7.5 2.5 2 0 3 4 4
5225.5 3482.5 -10.5 112 0 15.1 8.9 5.0 2.5 2 0 2 0 0
5312.5 3900.3 -10.2 181 0 6.0 9.5 5.0 2.5 2 1 2 5 5
5047.0 4415.8 -8.7 278 0 8.6 25.7 2.5 2.5 2 1 1 0 0
5551.8 3763.9 -10.5 4 0 15.8 13.1 7.5 2.5 2 0 3 2 2
5541.5 3658.2 -9.0 274 0 5.6 13.3 7.5 2.5 2 1 3 2 2
5532.0 3975.0 -11.5 1 0 11.3 13.9 7.5 2.5 2 1 3 5 5
5344.5 3783.6 -10.1 276 0 8.6 10.9 7.5 2.5 2 1 3 4 4
5312.4 3987.7 -10.0 277 0 7.6 7.5 2.5 2.5 2 0 1 2 2
5530.3 4449.1 -6.2 269 0 5.0 14.7 5.0 2.5 2 1 2 0 0
5177.6 3740.4 -9.8 276 0 8.7 12.0 7.5 2.5 2 1 3 0 0
5273.6 3617.7 -11.3 276 0 6.1 10.8 5.0 2.5 2 1 2 5 5
5548.7 4449.0 -6.0 270 0 5.3 10.4 7.5 2.5 2 1 3 0 0
5323.8 3907.7 -10.1 181 0 5.6 9.3 5.0 2.5 2 1 2 3 3
5282.0 3927.8 -10.4 90 0 6.2 9.3 5.0 2.5 2 1 2 2 2
5462.8 3499.9 -9.6 4 0 3.1 12.8 7.5 2.5 4 1 3 4 4
5139.6 3533.8 -8.5 216 0 4.7 7.6 5.0 2.5 2 1 2 5 5
5196.8 3545.8 -9.8 284 0 6.5 6.7 7.5 2.5 2 1 3 0 0
5507.5 3688.7 -9.0 184 0 5.7 14.3 2.5 2.5 2 1 1 3 3
5433.4 3557.3 -9.6 180 0 6.8 12.3 7.5 2.5 2 1 3 2 2
5350.0 3989.5 -9.9 271 0 9.4 7.6 5.0 2.5 4 0 2 1 1
5513.2 3612.0 -8.7 4 0 6.7 10.7 7.5 2.5 2 1 3 5 5
5552.0 3951.4 -11.5 1 0 6.6 10.8 7.5 2.5 2 1 3 4 4
5258.4 3940.5 -10.7 184 0 8.1 10.2 5.0 2.5 2 1 2 4 4
5529.2 3575.4 -8.6 4 0 7.0 7.1 7.5 2.5 2 1 3 5 5
5409.3 3501.1 -10.0 269 0 7.0 14.8 7.5 2.5 2 1 3 5 5
5459.1 3588.0 -9.4 273 0 12.5 6.4 5.0 2.5 2 0 2 5 5
5500.5 3992.7 -11.4 181 0 7.5 6.5 5.0 2.5 2 0 2 4 4
5283.3 3616.8 -11.3 276 0 9.6 13.0 5.0 0.0 0 1 2 4 4
5108.7 3724.5 -8.3 202 0 11.7 11.6 7.5 2.5 2 0 3 1 1
5490.5 3665.1 -8.8 184 0 11.9 15.0 2.5 2.5 2 1 1 2 2
5241.9 3754.6 -11.1 278 0 9.0 9.2 5.0 2.5 2 1 2 2 2
5351.9 3972.3 -9.8 271 0 13.6 9.2 7.5 2.5 2 0 3 2 2
5195.3 3742.6 -10.3 276 0 9.4 12.0 5.0 2.5 4 1 2 5 5
5294.0 3941.8 -10.3 98 0 9.9 12.2 7.5 0.0 0 1 3 5 5
5312.7 4393.8 -8.6 84 0 5.6 6.2 2.5 2.5 2 1 1 4 4
5256.1 3998.2 -10.7 270 0 12.4 9.2 7.5 2.5 2 0 3 5 5
5456.5 3502.7 -9.6 94 0 12.4 8.9 5.0 2.5 4 0 2 1 1
5476.5 3794.4 -9.8 184 0 13.0 16.0 5.0 2.5 2 1 2 5 5
5431.5 3528.8 -9.7 180 0 7.8 12.1 2.5 2.5 2 1 1 3 3
5251.4 3524.8 -10.9 289 0 11.3 11.4 5.0 2.5 2 1 2 4 4
5187.6 3765.2 -10.2 286 0 11.1 15.4 5.0 2.5 2 1 2 5 5
5462.7 3495.3 -9.6 4 0 4.4 12.7 5.0 2.5 2 1 2 1 1
5477.6 3821.5 -10.1 184 0 10.1 15.3 2.5 2.5 2 1 1 0 0
5592.1 4450.9 -5.6 276 0 5.7 10.4 2.5 2.5 2 1 1 2 2
5503.6 4420.0 -6.9 358 0 15.2 10.8 2.5 2.5 2 0 1 4 4
5937.5 4562.5 -1.0 14 0 17.8 32.2 10.0 2.5 4 1 4 4 4
5842.2 4571.4 -2.1 287 0 14.0 39.9 10.0 2.5 2 1 4 1 1
5638.0 3557.2 -9.3 93 0 11.4 6.6 7.5 2.5 2 0 3 2 2
5785.9 4871.3 1.5 189 0 23.0 11.7 10.0 2.5 2 0 4 3 3
5558.2 4873.8 -1.9 188 0 6.2 5.7 2.5 2.5 4 0 1 0 0
5736.0 4446.3 -4.8 197 0 54.9 57.8 10.0 0.0 0 1 4 1 1
5693.5 3569.8 -10.6 68 0 18.2 15.9 7.5 2.5 2 0 3 5 5
5745.5 4849.3 0.3 17 0 25.6 31.6 7.5 0.0 0 1 3 3 3
5529.4 4907.5 -2.2 8 0 7.8 6.5 2.5 2.5 2 0 1 3 3
5494.3 4764.3 -3.6 12 0 14.4 6.2 5.0 2.5 2 0 2 0 0
5633.8 4654.9 -2.0 195 0 19.1 15.5 10.0 2.5 2 0 4 0 0
5789.8 3984.3 -11.8 18 0 13.0 6.0 5.0 2.5 2 0 2 0 0
5456.1 4747.3 -4.2 93 0 9.3 8.0 7.5 2.5 2 0 3 3 3
5524.7 4883.1 -2.5 4 0 11.1 6.0 7.5 0.0 0 0 3 1 1
5622.6 4207.6 -9.5 284 0 5.2 14.5 5.0 2.5 2 1 2 3 3
5752.2 4561.9 -2.4 197 0 22.7 23.2 5.0 2.5 2 1 2 1 1
5733.4 5050.5 1.6 276 0 15.4 9.8 7.5 2.5 2 0 3 3 3
5584.6 4909.7 -1.3 278 0 5.8 5.2 2.5 2.5 2 0 1 0 0
5539.3 4385.5 -7.5 190 0 62.2 35.2 10.0 0.0 0 0 4 2 2
5712.3 4705.3 -1.6 15 0 17.7 75.4 12.5 2.5 2 1 5 5 5
5466.7 4596.8 -4.9 0 0 5.4 6.7 2.5 2.5 4 1 1 4 4
5735.8 3684.5 -11.4 6 0 29.3 99.2 10.0 0.0 0 1 4 3 3
5548.7 4140.8 -11.5 182 0 58.1 31.3 10.0 0.0 0 0 4 4 4
5615.5 3537.0 -8.9 95 0 4.1 17.7 5.0 2.5 2 1 2 4 4
5753.8 4898.9 0.4 18 0 22.8 52.6 7.5 2.5 2 1 3 4 4
5813.5 4350.2 -5.5 17 0 13.4 22.6 10.0 2.5 2 1 4 3 3
5617.7 4628.6 -2.4 195 0 25.1 11.3 10.0 0.0 0 0 4 2 2
5480.2 4627.6 -4.5 8 0 6.5 5.4 7.5 2.5 4 0 3 4 4
5755.5 4165.2 -9.0 288 0 8.9 5.4 7.5 2.5 2 0 3 3 3
5621.1 3563.0 -9.2 184 0 5.2 8.8 2.5 0.0 0 1 1 5 5
5824.2 4649.2 -1.4 287 0 53.7 60.9 10.0 0.0 0 1 4 3 3
5650.3 4991.2 0.1 188 0 20.1 28.0 10.0 2.5 2 1 4 3 3
5602.6 4634.1 -2.5 195 0 8.0 9.1 7.5 2.5 2 1 3 5 5
5767.7 3939.4 -12.6 9 0 17.5 12.7 7.5 2.5 2 0 3 3 3
5766.8 4090.7 -10.3 18 0 25.7 11.0 7.5 2.5 2 0 3 5 5
5732.1 3762.7 -11.8 6 0 57.4 111.7 10.0 0.0 0 1 4 3 3
5609.3 4930.6 -0.9 8 0 6.2 6.0 5.0 2.5 4 0 2 1 1
5778.8 4011.2 -11.7 13 0 19.4 54.5 10.0 2.5 2 1 4 1 1
5751.9 3948.5 -12.5 9 0 36.8 78.3 10.0 0.0 0 1 4 4 4
5733.1 4538.7 -2.9 197 0 18.3 33.2 10.0 0.0 0 1 4 1 1
5502.2 4865.8 -2.8 195 0 8.6 7.3 7.5 2.5 4 0 3 3 3
5873.4 4327.5 -5.6 17 0 32.9 34.0 7.5 0.0 0 1 3 5 5
5891.1 4405.4 -4.6 17 0 48.6 98.9 10.0 0.0 0 1 4 3 3
5625.7 5021.3 -0.3 193 0 66.5 17.3 12.5 2.5 2 0 5 1 1
5770.7 4982.2 0.8 12 0 35.4 72.0 12.5 0.0 0 1 5 5 5
5664.0 4462.7 -4.7 100 0 28.2 94.5 12.5 0.0 0 1 5 4 4
5580.4 4753.8 -2.4 11 0 17.1 8.9 5.0 2.5 2 0 2 4 4
5604.7 4913.6 -1.1 285 0 5.4 9.6 7.5 2.5 2 1 3 0 0
5458.6 4596.2 -5.0 1 0 5.4 7.1 5.0 2.5 2 1 2 5 5
5678.2 4919.2 0.2 198 0 10.2 20.1 7.5 2.5 2 1 3 1 1
5587.5 4959.4 -1.0 98 0 3.2 9.8 5.0 2.5 2 1 2 3 3
5690.1 4675.1 -1.2 15 0 12.7 14.2 5.0 2.5 2 1 2 3 3
5601.2 4626.9 -2.6 195 0 4.9 8.3 7.5 2.5 2 1 3 0 0
5647.4 4378.0 -6.4 10 0 18.6 15.0 10.0 2.5 2 0 4 5 5
5702.4 4322.0 -6.8 197 0 17.4 18.7 7.5 2.5 2 1 3 1 1
5800.3 4539.2 -2.4 197 0 22.0 18.7 7.5 2.5 2 0 3 4 4
5903.1 4591.5 -1.0 284 0 9.2 26.6 5.0 2.5 2 1 2 2 2
5777.7 4158.8 -9.1 288 0 13.4 13.9 10.0 2.5 2 1 4 0 0
5595.0 4149.9 -10.6 184 0 14.9 15.9 10.0 0.0 0 1 4 4 4
5570.0 4756.5 -2.5 11 0 12.3 7.1 2.5 2.5 2 0 1 3 3
5943.3 4533.7 -1.4 17 0 23.2 12.3 10.0 2.5 2 0 4 0 0
5585.5 4917.4 -1.3 278 0 5.8 6.0 5.0 2.5 2 1 2 0 0
5654.6 4909.6 -0.3 198 0 15.4 60.9 7.5 2.5 2 1 3 2 2
5731.1 4335.7 -6.5 197 0 27.2 11.0 5.0 2.5 2 0 2 4 4
5948.1 4601.8 -0.2 14 0 15.3 31.3 7.5 2.5 2 1 3 2 2
5501.8 4755.2 -3.6 12 0 14.0 7.9 5.0 2.5 2 0 2 0 0
5729.2 3718.7 -11.5 6 0 23.9 83.8 10.0 0.0 0 1 4 4 4
5478.0 4779.1 -3.7 274 0 5.2 9.5 5.0 2.5 2 1 2 1 1
5513.8 4584.3 -4.2 185 0 15.5 9.5 7.5 2.5 2 0 3 0 0
5565.6 4891.7 -1.7 188 0 5.3 6.2 5.0 2.5 2 1 2 2 2
5919.2 4526.5 -1.9 17 0 38.6 22.9 7.5 0.0 0 0 3 2 2
5731.0 3651.2 -11.2 6 0 28.5 106.2 12.5 0.0 0 1 5 2 2
5933.9 4474.2 -2.5 17 0 27.2 7.5 5.0 2.5 2 0 2 2 2
5724.7 4026.8 -11.9 13 0 30.8 25.3 10.0 0.0 0 0 4 2 2
5629.5 4381.9 -6.7 10 0 15.9 43.9 7.5 2.5 2 1 3 3 3
5866.3 4284.6 -6.7 17 0 29.3 116.9 12.5 0.0 0 1 5 0 0
5515.8 4656.1 -3.7 185 0 6.3 12.4 7.5 2.5 2 1 3 1 1
5635.2 3968.8 -12.1 188 0 29.4 12.4 7.5 2.5 2 0 3 1 1
5736.1 3820.8 -12.0 5 0 37.6 100.1 10.0 0.0 0 1 4 4 4
5796.5 4918.5 1.9 191 0 19.7 10.9 5.0 0.0 0 0 2 3 3
5545.5 4920.6 -1.9 7 0 8.9 6.4 5.0 2.5 2 0 2 0 0
5626.5 4366.2 -6.8 11 0 10.0 32.0 10.0 2.5 2 1 4 2 2
5515.2 4619.9 -3.9 185 0 8.9 7.9 7.5 2.5 2 0 3 2 2
5675.5 4592.8 -2.6 15 0 17.5 24.9 10.0 2.5 2 1 4 1 1
5617.2 3732.8 -11.0 186 0 18.9 16.7 7.5 2.5 2 0 3 1 1
5804.7 4088.0 -10.6 18 0 75.8 24.1 12.5 0.0 0 0 5 5 5
5754.0 4044.0 -11.1 20 0 11.9 26.2 7.5 2.5 2 1 3 3 3
5542.9 4474.3 -5.6 5 0 11.6 11.5 5.0 2.5 2 0 2 0 0
5541.7 4291.2 -8.7 195 0 18.7 86.8 10.0 0.0 0 1 4 0 0
5735.0 4566.8 -2.5 197 0 21.4 16.7 7.5 0.0 0 0 3 4 4
5591.1 4117.7 -11.1 184 0 11.2 11.5 7.5 2.5 2 1 3 2 2
5462.8 4579.9 -5.1 5 0 7.1 7.9 7.5 2.5 2 1 3 0 0
5729.3 4055.7 -11.1 20 0 16.6 13.8 7.5 0.0 0 0 3 0 0
5730.2 3586.1 -10.9 2 0 20.3 7.0 5.0 2.5 2 0 2 3 3
5663.7 4795.5 -0.8 102 0 15.5 46.0 7.5 2.5 2 1 3 3 3
5776.2 4557.7 -2.4 197 0 36.3 27.3 7.5 0.0 0 0 3 4 4
5605.2 4899.1 -1.1 16 0 6.5 7.0 5.0 2.5 2 1 2 2 2
5918.7 4463.9 -3.4 17 0 55.7 107.4 12.5 0.0 0 1 5 4 4
5713.5 3607.6 -10.9 2 0 11.7 10.2 2.5 2.5 2 0 1 3 3
5532.2 4880.9 -2.4 12 0 9.8 6.1 5.0 2.5 4 0 2 2 2
5594.7 4139.2 -10.7 184 0 4.9 12.9 5.0 2.5 2 1 2 3 3
5761.1 4355.2 -5.8 197 0 21.9 11.6 10.0 2.5 2 0 4 3 3
5653.0 4340.4 -7.4 11 0 24.7 68.3 10.0 0.0 0 1 4 5 5
5564.7 4926.3 -1.5 98 0 6.5 5.5 5.0 2.5 2 0 2 4 4
5862.3 4564.8 -2.1 287 0 21.5 41.4 10.0 0.0 0 1 4 1 1
5791.0 4007.5 -11.4 13 0 8.3 10.2 5.0 2.5 2 1 2 1 1
5637.5 4468.0 -4.8 99 0 23.1 108.6 12.5 0.0 0 1 5 4 4
5504.2 4779.9 -3.4 12 0 10.6 9.8 5.0 2.5 2 0 2 5 5
5453.7 4698.8 -4.4 182 0 7.2 10.3 5.0 2.5 2 1 2 3 3
5893.7 4534.7 -2.0 17 0 38.3 23.5 10.0 0.0 0 0 4 3 3
5638.9 4238.9 -9.2 15 0 23.2 88.5 7.5 0.0 0 1 3 5 5
5658.7 3565.9 -9.8 89 0 7.8 8.3 7.5 2.5 2 1 3 3 3
5615.9 4695.0 -2.2 193 0 59.9 7.9 7.5 2.5 2 0 3 1 1
5590.2 4099.5 -11.5 182 0 23.3 11.4 7.5 2.5 2 0 3 5 5
5646.1 4299.1 -8.3 12 0 41.3 70.3 10.0 0.0 0 1 4 2 2
5851.2 4239.0 -7.8 17 0 33.3 167.8 12.5 0.0 0 1 5 0 0
5501.9 4709.2 -3.8 2 0 6.1 12.0 5.0 2.5 2 1 2 4 4
5588.9 4930.9 -1.1 98 0 6.8 6.3 5.0 2.5 2 0 2 5 5
5582.8 4960.7 -1.0 98 0 5.3 11.3 2.5 2.5 4 1 1 4 4
5741.3 4206.1 -8.5 106 0 132.7 33.3 10.0 0.0 0 0 4 3 3
5718.7 4547.4 -2.9 197 0 14.6 14.9 5.0 2.5 2 1 2 3 3
5717.6 4507.0 -3.8 197 0 43.4 92.3 12.5 0.0 0 1 5 1 1
5521.7 4773.2 -3.1 7 0 9.5 5.7 5.0 2.5 2 0 2 3 3
5638.9 4690.7 -1.7 195 0 18.6 19.7 10.0 2.5 4 1 4 2 2
5714.4 4860.9 -0.5 17 0 23.2 58.3 10.0 2.5 2 1 4 4 4
5732.1 4171.4 -9.5 288 0 8.4 24.4 7.5 2.5 2 1 3 0 0
5411.4 4665.8 -5.4 4 0 4.7 8.4 7.5 2.5 2 1 3 5 5
5420.3 4742.2 -4.7 190 0 6.6 6.6 5.0 2.5 2 1 2 3 3
5437.2 4541.5 -5.7 5 0 5.7 6.7 5.0 0.0 0 1 2 5 5
5437.3 4728.2 -4.7 10 0 5.3 14.7 7.5 2.5 2 1 3 2 2
5419.7 4667.5 -5.2 8 0 6.9 5.7 7.5 2.5 2 0 3 5 5
5421.1 4721.6 -5.0 4 0 6.6 13.9 5.0 2.5 2 1 2 0 0
5412.7 4672.6 -5.3 7 0 5.9 5.4 5.0 2.5 2 0 2 1 1
5392.8 4408.2 -7.8 93 0 15.5 11.8 10.0 2.5 2 0 4 5 5
5421.1 4498.3 -6.1 96 0 6.6 4.9 7.5 2.5 2 0 3 0 0
4988.5 4418.9 -7.6 278 0 5.3 5.9 5.0 2.5 2 1 2 4 4
6569.3 4805.9 7.1 189 0 17.5 12.7 10.0 2.5 2 0 4 5 5
6573.7 4822.0 7.7 189 0 10.3 7.1 5.0 2.5 2 0 2 5 5
6799.1 5342.5 1.5 1 0 6.6 6.8 2.5 2.5 2 1 1 2 2
6861.4 5042.6 1.0 8 0 12.3 13.0 7.5 2.5 2 1 3 4 4
6406.7 5563.1 4.1 7 0 4.9 12.5 5.0 2.5 2 1 2 5 5
6511.3 5012.1 10.8 189 0 27.8 10.3 7.5 2.5 2 0 3 0 0
6902.1 5038.7 -0.2 6 0 12.8 12.2 5.0 2.5 2 0 2 5 5
6734.7 5002.9 4.8 279 0 7.5 16.1 5.0 0.0 0 1 2 4 4
6485.8 4896.6 9.3 189 0 8.6 11.2 7.5 2.5 4 1 3 0 0
6321.4 4928.1 7.5 261 0 27.0 58.4 10.0 0.0 0 1 4 1 1
6701.2 5291.8 4.5 184 0 6.6 9.8 7.5 0.0 0 1 3 4 4
6818.1 5382.0 0.6 188 0 7.9 9.2 5.0 2.5 2 1 2 4 4
6765.2 5424.1 1.2 287 0 8.6 13.8 5.0 2.5 2 1 2 4 4
6638.0 5160.7 7.2 93 0 6.2 11.1 7.5 2.5 2 1 3 0 0
6734.6 5239.6 3.6 181 0 6.1 8.5 2.5 2.5 2 1 1 4 4
6634.7 5231.8 6.7 183 0 19.1 13.4 10.0 0.0 0 0 4 4 4
6873.7 4971.5 0.5 128 0 11.7 13.1 2.5 2.5 2 1 1 1 1
6795.9 5316.3 1.7 1 0 7.1 5.7 5.0 2.5 2 0 2 3 3
6570.2 4858.4 7.7 189 0 36.2 31.9 12.5 0.0 0 0 5 4 4
6501.5 4851.5 8.5 190 0 26.2 11.2 15.0 0.0 0 0 6 0 0
6736.2 5096.0 4.3 92 0 9.3 9.7 2.5 2.5 2 1 1 0 0
6291.1 5597.8 7.5 185 0 10.0 4.4 2.5 2.5 2 0 1 5 5
6714.5 5320.3 4.0 184 0 6.3 6.9 7.5 2.5 2 1 3 4 4
6334.0 5270.1 11.7 7 0 11.8 14.8 5.0 2.5 2 1 2 1 1
6708.2 5007.5 5.6 279 0 9.2 14.4 7.5 2.5 2 1 3 0 0
6431.1 4792.9 7.0 88 0 29.5 75.5 12.5 0.0 0 1 5 2 2
6824.9 5340.4 0.6 186 0 9.5 12.2 5.0 2.5 2 1 2 1 1
6759.7 5283.0 2.9 1 0 7.7 19.3 7.5 0.0 0 1 3 1 1
6768.4 5043.3 3.6 97 0 11.9 13.6 2.5 2.5 2 1 1 5 5
6774.9 5336.5 2.2 1 0 7.7 6.5 5.0 2.5 2 0 2 4 4
6757.8 5325.5 2.8 4 0 4.6 7.8 7.5 2.5 2 1 3 3 3
6749.9 5411.3 1.8 287 0 7.2 9.9 5.0 0.0 0 1 2 0 0
6572.9 5060.8 9.3 98 0 15.6 37.2 10.0 2.5 2 1 4 4 4
6333.7 5424.4 10.3 96 0 9.0 7.8 7.5 2.5 2 0 3 4 4
6864.1 5059.3 0.9 6 0 14.8 13.0 10.0 2.5 2 0 4 2 2
6366.0 4806.4 6.8 84 0 14.4 6.6 7.5 0.0 0 0 3 3 3
6319.7 5452.5 10.0 96 0 9.2 7.6 5.0 2.5 2 0 2 4 4
6374.2 5478.7 7.2 276 0 10.7 16.4 7.5 2.5 2 1 3 0 0
6661.7 4882.8 6.7 99 0 5.8 12.4 5.0 0.0 0 1 2 3 3
6359.8 5378.9 10.8 1 0 5.5 9.7 7.5 2.5 2 1 3 0 0
6498.3 4894.8 9.3 189 0 11.2 21.8 7.5 2.5 2 1 3 2 2
6736.9 5382.9 2.7 274 0 14.7 15.3 7.5 2.5 2 1 3 3 3
6369.0 5439.0 8.7 276 0 9.0 6.2 7.5 0.0 0 0 3 1 1
6315.4 5419.6 10.5 96 0 11.3 12.4 7.5 2.5 4 1 3 3 3
6267.3 5358.9 11.0 183 0 13.5 6.7 7.5 2.5 2 0 3 0 0
6325.9 4848.3 7.0 81 0 40.4 15.8 7.5 2.5 2 0 3 4 4
6876.9 5356.2 -0.9 192 0 14.0 15.9 5.0 2.5 2 1 2 2 2
6383.2 5592.8 3.6 193 0 13.4 14.2 2.5 2.5 2 1 1 3 3
6536.2 4869.9 9.0 9 0 23.9 18.0 10.0 2.5 2 0 4 2 2
6347.5 5421.6 9.9 96 0 7.8 6.8 5.0 2.5 2 0 2 0 0
6891.3 4929.3 0.3 295 0 11.1 10.2 5.0 2.5 2 0 2 0 0
6317.9 5342.9 11.4 1 0 6.6 13.6 7.5 2.5 4 1 3 0 0
6846.5 5303.8 0.6 1 0 5.4 7.2 5.0 2.5 4 1 2 4 4
6562.9 5074.7 9.9 98 0 5.5 12.9 5.0 2.5 4 1 2 1 1
6666.8 5116.7 6.4 93 0 6.9 10.3 5.0 2.5 2 1 2 2 2
6915.3 5356.6 -1.5 192 0 7.3 6.1 5.0 0.0 0 0 2 1 1
6786.5 5169.6 2.7 5 0 14.4 10.8 5.0 2.5 2 0 2 1 1
6276.5 5231.8 11.1 187 0 8.3 8.6 5.0 2.5 2 1 2 2 2
6485.8 4930.5 9.8 189 0 19.2 11.5 2.5 2.5 2 0 1 0 0
6570.4 4913.2 8.2 189 0 65.5 36.8 7.5 0.0 0 0 3 1 1
6297.6 5385.1 11.2 271 0 12.3 12.4 10.0 2.5 2 1 4 2 2
6769.8 5309.3 2.5 1 0 9.0 5.8 2.5 2.5 2 0 1 3 3
6627.8 5156.2 7.5 93 0 9.2 7.2 7.5 2.5 2 0 3 5 5
6263.9 5348.2 11.0 183 0 5.7 15.2 5.0 2.5 2 1 2 1 1
6583.4 4796.2 6.6 189 0 31.4 11.5 7.5 0.0 0 0 3 0 0
6242.2 5303.3 10.9 183 0 11.6 18.5 5.0 2.5 2 1 2 4 4
6305.5 5408.4 11.1 273 0 4.2 16.0 5.0 2.5 2 1 2 2 2
6712.0 5282.7 4.1 184 0 11.9 10.0 5.0 0.0 0 0 2 1 1
6526.3 5066.2 10.9 96 0 10.5 19.6 7.5 2.5 2 1 3 0 0
6385.9 5391.7 9.1 6 0 18.0 9.2 2.5 0.0 0 0 1 5 5
6532.8 5035.6 10.5 279 0 12.0 9.6 7.5 2.5 2 0 3 0 0
6303.2 5240.7 11.3 7 0 9.5 12.1 2.5 2.5 2 1 1 2 2
6784.3 5082.7 3.2 10 0 15.4 9.1 7.5 2.5 4 0 3 3 3
6787.7 5328.7 1.8 1 0 6.2 10.0 7.5 2.5 2 1 3 0 0
6350.5 5458.4 8.8 96 0 10.0 6.7 5.0 2.5 2 0 2 2 2
6275.2 5357.8 11.1 183 0 6.7 8.2 7.5 2.5 2 1 3 1 1
6409.6 5576.0 3.6 14 0 9.7 12.6 2.5 2.5 2 1 1 3 3
6490.7 4785.8 7.5 97 0 12.9 14.4 7.5 2.5 2 1 3 2 2
6844.0 5018.3 1.6 6 0 12.4 10.5 7.5 2.5 2 0 3 2 2
6684.1 5175.5 5.7 93 0 7.4 8.6 5.0 2.5 2 1 2 3 3
6385.7 5477.2 6.8 276 0 9.8 13.0 5.0 2.5 2 1 2 0 0
6262.9 5330.2 11.0 183 0 8.4 14.1 7.5 2.5 2 1 3 0 0
6365.4 5488.3 7.0 94 0 9.8 13.2 7.5 2.5 2 1 3 1 1
6593.2 5043.8 8.2 188 0 18.1 33.9 15.0 0.0 0 1 6 1 1
6318.6 5606.0 5.7 186 0 10.1 14.3 5.0 2.5 2 1 2 4 4
6914.7 5342.6 -1.5 102 0 6.7 8.9 5.0 2.5 2 1 2 4 4
6282.9 5446.2 10.8 276 0 4.2 10.4 2.5 2.5 2 1 1 1 1
6591.0 5015.8 8.3 188 0 29.4 28.1 10.0 0.0 0 0 4 3 3
6340.3 5478.9 8.8 276 0 13.1 16.5 7.5 0.0 0 1 3 4 4
6314.9 5558.1 7.4 186 0 7.8 10.9 7.5 2.5 2 1 3 4 4
6750.0 5037.0 4.2 279 0 8.6 15.0 7.5 2.5 2 1 3 3 3
6308.8 5453.4 10.0 96 0 9.6 13.8 2.5 2.5 2 1 1 0 0
6862.2 4993.7 1.0 186 0 13.6 4.5 5.0 2.5 2 0 2 2 2
6324.5 4818.3 6.4 81 0 54.0 27.9 10.0 0.0 0 0 4 0 0
6756.9 5221.0 3.1 91 0 9.3 14.9 5.0 2.5 2 1 2 2 2
6913.0 5323.5 -1.3 12 0 5.2 7.0 7.5 2.5 4 1 3 3 3
6606.2 5068.2 8.0 188 0 26.8 22.4 7.5 0.0 0 0 3 4 4
6530.0 5020.9 10.5 279 0 10.1 25.5 10.0 2.5 2 1 4 3 3
6743.9 5002.0 4.6 279 0 9.2 14.1 5.0 2.5 2 1 2 0 0
6867.4 4992.7 0.8 186 0 15.4 6.9 7.5 0.0 0 0 3 3 3
6626.3 5197.1 7.1 183 0 16.5 14.5 10.0 2.5 2 0 4 0 0
6812.7 5309.9 1.2 181 0 9.7 7.2 7.5 0.0 0 0 3 3 3
6491.1 4958.4 10.2 189 0 26.4 34.8 10.0 0.0 0 1 4 5 5
6358.0 5437.8 9.2 276 0 9.3 7.6 7.5 2.5 2 0 3 1 1
6606.9 4982.8 8.3 188 0 27.1 7.5 7.5 2.5 2 0 3 0 0
6521.8 4778.0 7.5 97 0 21.2 23.9 10.0 0.0 0 1 4 2 2
6331.7 4788.0 6.1 81 0 40.6 25.3 10.0 0.0 0 0 4 4 4
6720.3 5337.1 3.8 94 0 6.4 16.8 2.5 2.5 2 1 1 4 4
6669.8 5135.6 6.3 93 0 5.1 8.1 5.0 2.5 2 1 2 5 5
6312.9 5480.4 9.8 276 0 9.8 10.2 7.5 0.0 0 1 3 0 0
6251.5 5193.8 10.5 183 0 12.2 11.7 7.5 2.5 2 0 3 1 1
6902.0 5020.9 -0.1 6 0 7.2 13.7 5.0 2.5 2 1 2 4 4
6570.0 5045.9 9.6 279 0 11.7 23.6 10.0 2.5 2 1 4 5 5
6864.6 5086.3 0.7 92 0 5.1 9.6 7.5 2.5 2 1 3 1 1
6363.0 4818.8 7.0 84 0 14.1 14.4 5.0 2.5 4 1 2 2 2
6474.5 5009.6 10.9 355 0 22.3 10.4 2.5 2.5 2 0 1 4 4
6858.9 5325.5 0.0 186 0 8.0 5.0 5.0 2.5 2 0 2 3 3
6734.5 5247.0 3.7 181 0 6.9 7.3 7.5 0.0 0 1 3 3 3
6847.2 5044.0 1.4 7 0 14.5 9.5 7.5 2.5 2 0 3 0 0
6379.0 5525.9 5.6 184 0 11.3 8.1 2.5 2.5 2 0 1 5 5
6545.9 5066.1 10.4 96 0 11.5 9.9 5.0 2.5 2 0 2 4 4
6342.9 5488.4 8.1 94 0 6.6 13.6 5.0 2.5 2 1 2 1 1
6825.6 5351.3 0.5 187 0 9.9 12.9 2.5 2.5 4 1 1 1 1
6375.4 5368.1 10.4 1 0 9.1 8.2 5.0 2.5 2 0 2 2 2
6342.1 5584.1 5.8 6 0 9.1 12.6 7.5 2.5 2 1 3 4 4
6737.0 5192.1 3.8 91 0 11.1 11.9 7.5 2.5 2 1 3 1 1
6412.6 5587.4 3.2 15 0 11.8 11.8 2.5 2.5 2 1 1 1 1
6885.8 4919.2 0.5 295 0 11.6 11.4 7.5 2.5 2 0 3 4 4
6849.8 5060.9 1.3 5 0 16.2 10.3 10.0 2.5 2 0 4 3 3
6570.7 4995.3 9.5 9 0 14.4 16.2 5.0 2.5 2 1 2 4 4
6263.3 5339.7 11.0 183 0 8.6 14.7 7.5 2.5 2 1 3 3 3
6815.0 5251.2 1.6 1 0 8.4 9.1 7.5 2.5 2 1 3 0 0
6376.5 5490.5 6.5 94 0 8.0 10.6 2.5 2.5 2 1 1 0 0
6908.7 5096.9 -0.5 2 0 8.7 14.1 7.5 2.5 2 1 3 3 3
6312.8 5626.1 5.9 3 0 14.8 13.1 7.5 2.5 2 0 3 4 4
6687.3 4991.7 6.3 279 0 8.9 12.3 7.5 2.5 2 1 3 2 2
6788.1 5262.2 2.1 274 0 6.6 11.1 7.5 2.5 2 1 3 5 5
6315.4 5569.8 7.0 185 0 10.9 12.3 7.5 2.5 2 1 3 1 1
6651.5 5257.2 6.1 183 0 9.2 12.2 2.5 2.5 2 1 1 0 0
6551.7 5036.7 9.9 279 0 19.3 15.9 7.5 2.5 2 0 3 0 0
6553.1 4999.0 10.0 9 0 14.2 17.0 2.5 2.5 2 1 1 3 3
6320.8 5385.2 11.3 271 0 4.9 10.4 7.5 2.5 2 1 3 2 2
6380.7 5547.7 5.0 184 0 11.2 8.6 5.0 2.5 2 0 2 4 4
6741.8 5413.5 1.9 286 0 3.8 8.5 2.5 2.5 2 1 1 2 2
6914.2 5035.2 -0.6 6 0 8.2 11.3 7.5 2.5 2 1 3 5 5
6599.9 5069.8 8.7 98 0 11.1 10.0 7.5 2.5 2 0 3 3 3
6795.7 5266.4 1.9 270 0 5.6 15.8 7.5 2.5 4 1 3 2 2
6700.9 5280.4 4.5 184 0 8.5 9.6 5.0 2.5 2 1 2 5 5
6293.8 4924.4 7.2 261 0 24.2 58.3 12.5 2.5 2 1 5 1 1
6880.0 4935.8 0.7 295 0 8.8 9.9 5.0 2.5 2 1 2 4 4
6503.3 4979.8 10.5 189 0 16.6 24.5 12.5 2.5 2 1 5 4 4
6581.2 4985.5 8.8 188 0 28.6 14.6 10.0 2.5 2 0 4 2 2
6892.0 4965.6 0.2 38 0 8.5 10.9 2.5 2.5 2 1 1 0 0
6508.4 4927.0 9.8 189 0 25.2 13.0 5.0 2.5 2 0 2 1 1
6504.8 4784.8 7.6 96 0 12.5 13.7 2.5 2.5 2 1 1 5 5
6767.1 5247.5 2.7 271 0 9.4 13.2 7.5 0.0 0 1 3 4 4
6314.3 5487.9 9.4 94 0 8.5 8.2 5.0 2.5 2 0 2 4 4
6298.4 5453.6 10.2 96 0 8.7 12.1 5.0 2.5 4 1 2 0 0
6852.3 4939.4 1.4 295 0 11.2 12.1 5.0 2.5 2 1 2 2 2
6323.7 5480.4 9.5 276 0 8.7 11.6 5.0 2.5 2 1 2 0 0
6787.8 4985.6 3.4 9 0 12.5 12.5 10.0 2.5 2 1 4 3 3
6795.4 5196.2 2.3 4 0 15.0 9.4 2.5 2.5 4 0 1 5 5
6305.4 5495.3 9.5 94 0 8.4 9.2 7.5 2.5 2 1 3 0 0
6787.4 5322.2 1.9 1 0 5.1 10.3 7.5 2.5 2 1 3 1 1
6279.0 5368.1 11.1 183 0 9.6 7.8 5.0 2.5 2 0 2 5 5
6451.4 5143.9 13.2 79 0 5.0 8.4 7.5 0.0 0 1 3 4 4
6349.2 5141.0 11.6 83 0 10.0 16.7 7.5 0.0 0 1 3 2 2
6371.3 5132.2 12.0 90 0 5.1 8.6 5.0 0.0 0 1 2 3 3
6006.1 5610.2 7.8 2 0 6.2 6.8 5.0 2.5 2 1 2 1 1
5743.3 5718.7 4.9 283 0 7.7 14.0 7.5 2.5 2 1 3 4 4
5813.7 5673.9 5.6 17 0 13.9 8.2 7.5 2.5 2 0 3 4 4
6161.4 5640.1 9.1 96 0 10.6 13.0 7.5 2.5 2 1 3 2 2
6441.5 5534.8 3.3 105 0 11.2 18.5 10.0 2.5 2 1 4 5 5
6426.5 5309.5 9.0 103 0 4.9 28.8 7.5 2.5 2 1 3 2 2
6464.5 5489.7 4.4 277 0 14.1 12.4 7.5 2.5 4 0 3 5 5
5781.1 5669.8 5.4 197 0 13.0 9.7 5.0 2.5 2 0 2 2 2
6167.2 5506.6 9.7 184 0 12.5 16.4 5.0 2.5 2 1 2 5 5
6164.0 5458.9 9.7 184 0 12.7 16.5 5.0 2.5 2 1 2 3 3
5760.7 5674.9 5.1 12 0 6.7 12.0 7.5 2.5 2 1 3 2 2
6391.0 5200.5 12.4 282 0 10.8 18.3 5.0 2.5 2 1 2 1 1
5837.2 5551.9 6.0 322 0 6.7 7.2 7.5 2.5 2 1 3 5 5
5639.7 5900.8 8.4 124 0 8.7 14.7 2.5 2.5 2 1 1 2 2
5666.5 5940.3 9.5 303 0 6.7 14.5 5.0 2.5 2 1 2 2 2
5793.6 5713.2 5.4 193 0 14.7 12.2 7.5 2.5 2 0 3 1 1
5753.9 5777.7 5.6 15 0 13.3 12.8 2.5 2.5 2 0 1 3 3
6144.0 5667.3 9.1 276 0 9.0 13.5 2.5 2.5 2 1 1 4 4
6026.7 5600.4 7.9 10 0 7.4 12.5 5.0 0.0 0 1 2 2 2
5785.7 5713.4 5.2 13 0 15.0 12.8 7.5 2.5 2 0 3 0 0
5969.0 5594.9 7.5 190 0 5.5 9.4 7.5 2.5 2 1 3 5 5
5685.9 5878.0 8.6 108 0 5.5 10.9 7.5 2.5 2 1 3 1 1
6645.8 5385.0 4.0 182 0 7.0 7.8 2.5 2.5 2 1 1 5 5
5677.4 5954.8 10.6 111 0 8.2 16.1 5.0 2.5 2 1 2 0 0
5758.0 5752.7 5.0 193 0 10.6 11.0 10.0 2.5 2 1 4 4 4
5997.5 5457.7 7.8 360 0 10.9 12.9 5.0 2.5 4 1 2 3 3
6168.4 5675.0 8.6 96 0 3.3 10.0 7.5 2.5 2 1 3 0 0
5784.0 5848.9 8.9 193 0 7.0 11.8 5.0 2.5 2 1 2 0 0
5951.5 5495.8 7.4 281 0 10.7 13.6 7.5 2.5 2 1 3 5 5
6445.6 5456.8 5.4 187 0 15.2 9.0 5.0 2.5 2 0 2 1 1
6195.7 5468.7 9.9 2 0 7.3 13.8 5.0 2.5 2 1 2 3 3
5808.6 5752.9 5.5 196 0 10.2 8.6 5.0 2.5 2 0 2 4 4
6509.6 5492.9 3.3 291 0 11.5 9.5 7.5 2.5 2 0 3 5 5
5910.4 5585.9 6.8 14 0 4.8 9.7 7.5 2.5 2 1 3 5 5
5998.5 5547.8 7.7 10 0 9.6 12.1 5.0 0.0 0 1 2 3 3
6679.6 5391.3 3.4 273 0 7.9 5.9 7.5 2.5 2 0 3 3 3
5851.4 5800.5 8.1 16 0 10.2 12.1 2.5 2.5 2 1 1 4 4
6362.2 5157.3 11.9 87 0 12.3 12.1 7.5 2.5 2 0 3 0 0
6115.9 5443.4 9.2 276 0 13.3 12.3 2.5 0.0 0 0 1 5 5
6427.3 5222.9 12.1 284 0 10.8 13.1 7.5 0.0 0 1 3 5 5
6556.8 5498.4 2.0 201 0 13.1 10.2 5.0 2.5 2 0 2 0 0
6171.1 5559.9 9.6 184 0 10.8 16.6 10.0 2.5 2 1 4 4 4
6492.3 5556.1 2.2 294 0 11.2 13.7 5.0 2.5 2 1 2 0 0
6648.8 5468.0 1.9 184 0 11.1 6.0 7.5 2.5 2 0 3 5 5
5790.7 5903.1 10.5 13 0 17.1 10.1 2.5 2.5 2 0 1 3 3
5772.1 5841.0 8.3 13 0 11.5 15.6 5.0 2.5 2 1 2 5 5
6130.2 5489.1 9.3 276 0 9.2 12.0 5.0 2.5 2 1 2 0 0
5585.4 5923.7 6.8 210 0 14.2 13.5 5.0 2.5 2 0 2 2 2
6117.7 5390.0 9.3 96 0 14.9 15.6 7.5 2.5 2 1 3 3 3
5833.9 5868.1 10.1 19 0 15.7 13.3 7.5 2.5 2 0 3 4 4
5752.9 5718.3 5.0 283 0 6.9 8.9 7.5 2.5 2 1 3 2 2
5553.0 5802.4 3.6 102 0 12.4 12.9 7.5 2.5 2 1 3 3 3
6150.4 5640.5 9.2 96 0 9.4 11.4 7.5 2.5 2 1 3 1 1
6547.6 5502.6 2.0 201 0 12.5 9.2 2.5 2.5 2 0 1 5 5
6606.0 5474.0 2.4 23 0 11.7 10.2 5.0 2.5 2 0 2 0 0
6139.1 5621.3 9.1 276 0 10.2 12.9 5.0 2.5 2 1 2 0 0
6153.5 5664.6 9.0 276 0 8.4 12.0 5.0 2.5 2 1 2 3 3
5924.6 5550.2 7.1 187 0 12.3 9.2 7.5 2.5 2 0 3 2 2
5797.8 5900.0 10.5 198 0 19.7 12.0 2.5 2.5 2 0 1 1 1
5541.1 5831.6 4.0 192 0 12.2 12.2 7.5 2.5 4 0 3 3 3
6159.5 5630.6 9.3 276 0 9.5 12.8 5.0 2.5 2 1 2 0 0
6118.4 5669.3 8.7 11 0 17.0 13.8 5.0 2.5 2 0 2 1 1
5749.6 5758.9 4.8 15 0 14.3 13.1 5.0 2.5 2 0 2 5 5
5608.1 5941.9 7.9 210 0 11.9 4.9 5.0 2.5 2 0 2 0 0
6423.8 5300.1 10.1 13 0 11.2 9.6 2.5 2.5 2 0 1 2 2
6444.4 5498.4 4.7 277 0 12.2 7.2 7.5 2.5 4 0 3 5 5
5842.7 5616.9 6.2 186 0 8.6 13.5 5.0 2.5 2 1 2 5 5
6434.0 5294.1 10.0 13 0 8.5 8.4 5.0 2.5 2 0 2 2 2
5789.3 5867.6 9.5 193 0 7.3 12.2 7.5 2.5 2 1 3 1 1
5800.7 5639.9 5.6 17 0 28.1 7.9 7.5 2.5 2 0 3 0 0
6195.5 5398.6 10.1 276 0 20.8 22.8 7.5 2.5 2 1 3 4 4
6594.6 5507.2 1.7 291 0 9.4 22.6 2.5 2.5 2 1 1 5 5
6618.3 5398.9 4.0 94 0 4.8 12.5 7.5 2.5 2 1 3 2 2
5687.8 5980.5 11.2 288 0 6.0 9.1 5.0 2.5 2 1 2 5 5
5804.2 5676.7 5.5 17 0 13.1 7.8 2.5 2.5 2 0 1 1 1
5813.7 5802.4 7.6 13 0 10.6 13.6 10.0 2.5 2 1 4 1 1
5850.7 5578.4 6.3 96 0 4.6 12.0 7.5 2.5 2 1 3 3 3
6540.0 5519.9 1.7 24 0 15.2 7.3 7.5 2.5 2 0 3 2 2
5758.1 5826.5 7.7 15 0 9.7 5.9 5.0 2.5 2 0 2 0 0
6426.9 5371.2 8.0 193 0 9.7 11.4 5.0 2.5 2 1 2 2 2
6200.6 5496.2 9.9 4 0 9.7 15.9 5.0 2.5 2 1 2 3 3
6116.8 5455.6 9.2 276 0 13.4 11.1 7.5 2.5 2 0 3 5 5
5698.8 5914.6 9.8 213 0 11.4 8.5 5.0 2.5 2 0 2 5 5
5666.5 5920.4 9.4 303 0 11.1 8.0 7.5 0.0 0 0 3 4 4
6176.9 5577.0 9.6 184 0 11.6 16.1 2.5 2.5 2 1 1 1 1
6485.5 5151.0 12.3 353 0 7.5 11.2 7.5 2.5 2 1 3 0 0
6474.3 5562.7 2.4 294 0 22.9 9.0 7.5 2.5 2 0 3 1 1
5824.9 5712.2 5.7 16 0 6.3 8.3 2.5 2.5 2 1 1 5 5
6643.5 5426.4 3.1 184 0 5.9 7.7 2.5 2.5 2 1 1 3 3
6478.3 5481.5 4.3 279 0 13.1 12.2 7.5 2.5 2 0 3 0 0
6140.8 5642.4 9.1 96 0 7.8 10.7 5.0 2.5 2 1 2 2 2
5745.1 5702.6 4.9 283 0 11.9 12.2 5.0 2.5 2 1 2 4 4
6427.2 5459.8 5.8 187 0 16.3 9.2 7.5 2.5 2 0 3 4 4
5742.3 5734.0 4.8 15 0 12.1 12.0 7.5 0.0 0 0 3 3 3
6008.4 5618.0 7.8 5 0 8.0 4.9 7.5 2.5 2 0 3 1 1
5895.9 5495.8 6.4 322 0 9.1 15.3 5.0 2.5 2 1 2 4 4
5791.8 5877.2 9.8 193 0 9.3 11.9 2.5 2.5 2 1 1 1 1
5819.3 5793.2 7.2 196 0 14.7 7.9 5.0 0.0 0 0 2 5 5
5843.9 5775.4 6.7 16 0 12.7 8.4 2.5 2.5 2 0 1 5 5
6123.5 5566.6 9.1 276 0 7.3 14.0 7.5 2.5 2 1 3 4 4
6519.3 5524.7 1.9 114 0 8.3 10.0 5.0 2.5 2 1 2 5 5
6409.1 5462.2 6.1 187 0 20.6 10.0 5.0 2.5 2 0 2 5 5
6104.1 5490.0 8.9 6 0 11.2 14.4 5.0 2.5 2 1 2 4 4
6374.0 5157.8 12.1 86 0 8.3 13.5 5.0 2.5 2 1 2 4 4
5823.5 5904.8 10.4 290 0 12.1 26.0 10.0 2.5 2 1 4 1 1
5646.2 5941.9 8.8 312 0 8.6 13.5 7.5 2.5 2 1 3 0 0
5847.3 5594.8 6.2 96 0 10.9 8.7 5.0 2.5 2 0 2 4 4
6626.1 5463.9 2.5 6 0 9.4 10.1 7.5 2.5 4 1 3 1 1
5810.6 5766.4 5.6 197 0 13.9 10.1 7.5 2.5 2 0 3 5 5
5843.0 5568.7 6.2 96 0 6.0 8.9 2.5 2.5 2 1 1 0 0
5727.3 5921.9 10.4 288 0 11.7 8.3 5.0 2.5 2 0 2 1 1
5714.7 5887.9 9.3 108 0 11.6 9.4 7.5 2.5 2 0 3 2 2
5766.7 5629.5 5.3 197 0 10.5 20.7 5.0 2.5 2 1 2 4 4
5892.4 5529.6 6.8 100 0 9.4 13.1 2.5 2.5 2 1 1 1 1
5558.1 5878.1 4.8 282 0 12.2 22.2 10.0 2.5 2 1 4 4 4
5941.6 5524.2 7.2 10 0 14.5 9.1 2.5 2.5 2 0 1 5 5
6468.1 5350.3 7.8 13 0 8.6 10.0 7.5 2.5 2 1 3 2 2
5677.5 5917.6 9.4 303 0 6.4 12.6 2.5 2.5 2 1 1 1 1
5829.5 5730.0 5.7 16 0 12.0 7.8 7.5 2.5 2 0 3 5 5
6518.8 5166.2 11.1 5 0 6.5 10.5 7.5 0.0 0 1 3 0 0
6133.7 5674.0 8.9 96 0 12.8 14.3 5.0 2.5 2 1 2 5 5
6033.1 5399.3 8.2 179 0 29.7 13.1 10.0 2.5 2 0 4 5 5
6428.4 5482.0 5.4 188 0 7.3 6.1 7.5 2.5 2 0 3 4 4
5770.3 5660.8 5.2 13 0 12.8 13.2 10.0 2.5 2 1 4 4 4
5888.0 5591.3 6.5 7 0 6.2 10.6 5.0 0.0 0 1 2 2 2
5980.7 5544.6 7.7 100 0 6.8 8.9 7.5 2.5 2 1 3 5 5
5653.6 5892.9 8.6 123 0 4.6 13.3 5.0 2.5 2 1 2 4 4
6421.5 5577.5 3.1 198 0 4.8 12.2 5.0 2.5 4 1 2 3 3
5683.7 5914.8 9.4 303 0 5.5 11.3 5.0 2.5 2 1 2 0 0
6029.7 5630.9 7.9 4 0 9.8 6.8 5.0 2.5 4 0 2 3 3
5679.2 5948.3 10.5 211 0 11.2 7.1 7.5 2.5 2 0 3 5 5
6494.2 5509.1 3.3 291 0 13.2 16.0 2.5 2.5 2 1 1 5 5
5614.1 5939.4 8.1 210 0 10.0 10.0 7.5 2.5 4 0 3 5 5
6130.4 5645.0 9.0 96 0 11.8 12.2 2.5 2.5 2 1 1 0 0
5995.3 5648.7 7.6 188 0 9.7 7.2 2.5 2.5 2 0 1 2 2
5804.2 5773.3 5.9 13 0 15.4 13.2 5.0 2.5 2 0 2 3 3
6099.8 5625.1 8.7 186 0 15.0 13.2 7.5 2.5 2 0 3 3 3
5866.7 5572.4 6.4 95 0 12.7 9.0 7.5 2.5 2 0 3 2 2
6103.9 5549.0 8.8 6 0 11.4 9.3 7.5 2.5 2 0 3 0 0
5764.6 5920.6 11.0 283 0 8.0 5.1 5.0 2.5 4 0 2 5 5
6618.5 5450.2 2.9 4 0 10.8 8.7 5.0 2.5 4 0 2 4 4
5972.7 5673.9 7.2 9 0 13.3 12.2 5.0 2.5 2 0 2 3 3
5918.9 5671.4 6.8 190 0 6.9 7.6 5.0 2.5 2 1 2 3 3
5997.0 5728.2 7.4 280 0 7.1 7.0 7.5 2.5 2 0 3 2 2
5942.1 5668.6 7.0 7 0 8.0 6.8 7.5 2.5 2 0 3 4 4
5956.5 5649.6 7.2 12 0 7.8 7.8 2.5 2.5 2 0 1 0 0
5829.6 5622.4 6.0 191 0 10.2 9.3 7.5 2.5 2 0 3 5 5
5945.5 5612.6 7.2 102 0 7.4 15.9 5.0 2.5 2 1 2 1 1
5966.2 5665.1 7.2 7 0 4.5 6.9 7.5 2.5 2 1 3 0 0
5911.9 5641.7 6.8 105 0 8.3 10.9 7.5 2.5 2 1 3 2 2
5950.5 5675.4 7.1 97 0 5.2 17.0 5.0 2.5 2 1 2 3 3
5959.1 5709.1 7.1 277 0 13.8 7.7 5.0 2.5 4 0 2 4 4
5903.5 5632.9 6.6 10 0 14.5 9.1 2.5 2.5 2 0 1 3 3
5835.3 5581.0 6.1 100 0 7.8 8.7 7.5 2.5 2 1 3 2 2
5953.4 5639.5 7.1 10 0 10.6 8.3 7.5 2.5 2 0 3 0 0
5867.8 5673.3 6.2 280 0 11.2 9.5 2.5 2.5 2 0 1 3 3
5957.8 5666.3 7.1 7 0 9.2 10.3 5.0 2.5 2 1 2 1 1
5943.0 5678.6 7.0 7 0 7.6 7.5 7.5 2.5 2 0 3 2 2
5993.2 5721.1 7.4 280 0 7.9 9.4 5.0 2.5 2 1 2 0 0
5897.9 5658.9 6.6 282 0 8.9 11.8 2.5 2.5 4 1 1 4 4
5129.1 5062.5 0.8 89 0 10.6 7.6 5.0 2.5 2 0 2 0 0
5854.5 5775.6 7.1 195 0 4.3 13.4 2.5 2.5 2 1 1 5 5
5911.2 5790.9 8.5 16 0 11.8 9.2 7.5 2.5 2 0 3 1 1
5868.0 5826.3 9.3 198 0 11.3 10.5 2.5 2.5 2 0 1 5 5
5914.7 5803.0 9.1 16 0 10.6 8.2 7.5 2.5 2 0 3 3 3
5823.7 5677.2 5.8 205 0 9.2 12.7 7.5 2.5 2 1 3 0 0
5956.0 5795.2 9.4 19 0 10.8 12.5 2.5 2.5 2 1 1 1 1
4985.9 5117.9 3.9 179 0 7.9 9.2 5.0 2.5 2 1 2 1 1
5120.5 5114.9 1.7 270 0 5.8 9.2 7.5 2.5 2 1 3 1 1
5868.5 5615.4 6.3 100 0 13.4 6.3 7.5 2.5 2 0 3 2 2
5052.1 5060.9 2.5 89 0 8.6 11.8 5.0 2.5 2 1 2 2 2
5902.0 5766.3 7.0 16 0 11.8 9.9 5.0 2.5 2 0 2 0 0
5185.3 5099.2 0.2 19 0 11.8 16.7 7.5 2.5 2 1 3 5 5
5952.4 5773.2 8.1 199 0 12.6 8.3 5.0 2.5 2 0 2 5 5
5939.4 5751.8 6.8 19 0 9.8 11.5 5.0 2.5 2 1 2 0 0
5895.7 5676.6 6.6 197 0 6.7 10.3 5.0 2.5 2 1 2 0 0
5868.6 5860.2 10.5 17 0 9.0 13.3 2.5 2.5 2 1 1 3 3
5883.8 5747.1 6.2 16 0 13.0 8.1 7.5 2.5 2 0 3 3 3
5985.4 5757.9 7.8 19 0 9.1 12.9 5.0 2.5 2 1 2 0 0
5961.1 5799.9 9.8 199 0 5.0 8.8 5.0 2.5 2 1 2 4 4
5090.7 5125.2 2.5 275 0 8.6 8.8 7.5 0.0 0 1 3 5 5
5018.3 5108.0 3.4 269 0 9.2 6.4 5.0 2.5 2 0 2 2 2
5924.3 5789.7 8.7 199 0 10.0 7.3 2.5 2.5 2 0 1 2 2
5027.2 5065.8 2.8 89 0 5.2 6.7 5.0 2.5 2 1 2 1 1
5901.6 5685.5 6.6 195 0 10.3 9.5 5.0 0.0 0 0 2 0 0
5997.7 5779.6 9.0 289 0 10.7 9.0 7.5 2.5 2 0 3 3 3
5905.1 5777.2 7.8 16 0 9.1 9.4 2.5 2.5 2 1 1 1 1
5126.8 5070.8 1.0 89 0 8.3 9.2 2.5 2.5 2 1 1 2 2
5896.8 5755.3 6.4 16 0 8.6 8.9 2.5 2.5 2 1 1 0 0
5960.5 5809.0 10.1 19 0 7.1 11.0 5.0 2.5 2 1 2 2 2
5891.0 5686.0 6.4 285 0 10.2 10.2 2.5 2.5 2 1 1 4 4
5000.3 5093.7 3.4 179 0 7.4 4.2 7.5 2.5 2 0 3 1 1
5133.4 5079.3 1.0 89 0 4.0 8.9 7.5 2.5 2 1 3 0 0
5901.5 5797.5 8.7 16 0 10.0 10.9 7.5 2.5 2 1 3 4 4
5850.8 5766.8 6.2 200 0 11.3 16.0 7.5 2.5 2 1 3 4 4
5830.3 5695.3 5.8 208 0 7.6 9.0 5.0 2.5 2 1 2 3 3
5931.1 5769.4 7.7 19 0 9.7 7.1 5.0 2.5 4 0 2 0 0
5894.2 5726.3 6.4 199 0 9.6 8.2 2.5 2.5 2 0 1 5 5
5064.1 5053.8 2.1 100 0 7.4 6.8 2.5 2.5 2 0 1 3 3
6010.1 5773.9 8.7 289 0 11.6 10.1 5.0 2.5 2 0 2 4 4
5976.1 5771.1 8.4 199 0 8.0 11.9 7.5 2.5 2 1 3 0 0
5908.2 5760.9 6.7 199 0 14.5 9.4 5.0 2.5 2 0 2 0 0
5884.8 5778.7 7.7 15 0 8.0 12.8 7.5 2.5 2 1 3 0 0
5108.8 5041.5 1.0 98 0 6.6 8.8 7.5 2.5 2 1 3 0 0
5987.0 5792.7 9.5 288 0 9.2 10.9 2.5 2.5 2 1 1 3 3
5883.2 5671.3 6.4 285 0 5.8 7.5 2.5 2.5 2 1 1 2 2
5892.0 5772.5 7.2 15 0 13.4 7.1 2.5 2.5 2 0 1 5 5
5065.5 5123.2 2.9 262 0 7.8 12.1 5.0 2.5 2 1 2 0 0
6235.3 4959.2 8.3 81 0 26.2 83.6 12.5 0.0 0 1 5 1 1
6083.4 4935.9 6.2 81 0 36.1 43.4 7.5 0.0 0 1 3 0 0
6351.2 5077.0 10.5 261 0 22.6 45.7 12.5 0.0 0 1 5 3 3
6397.1 4989.4 10.1 81 0 19.0 9.5 7.5 2.5 2 0 3 0 0
6100.0 5043.5 7.1 261 0 25.2 17.1 7.5 2.5 2 0 3 2 2
6350.4 5088.8 11.3 261 0 17.6 7.3 7.5 2.5 2 0 3 4 4
6433.2 4994.3 10.5 81 0 21.5 19.6 10.0 2.5 4 0 4 5 5
6015.6 4965.6 5.6 175 0 21.9 15.6 10.0 2.5 2 0 4 3 3
6284.4 5076.8 9.8 261 0 23.2 53.5 15.0 2.5 2 1 6 0 0
6063.0 4882.5 3.7 269 0 23.9 106.3 12.5 0.0 0 1 5 0 0
6415.0 5068.1 11.3 261 0 23.7 18.1 10.0 2.5 2 0 4 5 5
6465.0 4923.5 8.7 8 0 86.1 18.6 12.5 0.0 0 0 5 0 0
6368.2 4983.6 9.8 81 0 16.1 18.2 12.5 2.5 2 1 5 4 4
6111.0 4761.8 4.0 81 0 5.4 10.6 7.5 2.5 2 1 3 0 0
6030.7 4981.7 6.0 175 0 6.0 12.6 5.0 2.5 2 1 2 2 2
6330.7 4973.1 9.3 81 0 30.4 52.8 12.5 0.0 0 1 5 3 3
6268.3 5070.0 9.8 261 0 8.1 48.7 7.5 0.0 0 1 3 3 3
6481.5 5063.2 11.8 356 0 12.5 24.5 7.5 2.5 2 1 3 0 0
6917.0 4682.4 -1.0 205 0 21.7 11.5 7.5 2.5 2 0 3 4 4
6248.2 5063.7 9.3 261 0 29.9 47.2 10.0 0.0 0 1 4 3 3
6037.7 4882.4 3.5 269 0 25.2 106.3 12.5 0.0 0 1 5 1 1
6011.5 5035.5 5.9 270 0 7.6 7.1 7.5 2.5 4 0 3 4 4
6130.7 5024.1 7.5 261 0 16.3 27.3 10.0 2.5 2 1 4 5 5
6329.0 5054.4 10.6 261 0 9.9 10.0 7.5 2.5 2 1 3 4 4
6443.3 4965.9 8.9 278 0 15.5 64.7 12.5 2.5 2 1 5 0 0
6299.8 4974.5 9.1 81 0 25.2 44.5 15.0 0.0 0 1 6 3 3
6169.1 4974.1 7.9 81 0 12.6 30.7 7.5 2.5 2 1 3 3 3
6187.5 5057.9 8.6 261 0 13.7 33.8 5.0 2.5 2 1 2 3 3
6046.0 4950.0 6.0 85 0 8.7 4.5 7.5 2.5 2 0 3 3 3
5995.4 4928.3 5.1 176 0 9.3 24.8 7.5 2.5 2 1 3 4 4
6203.8 4951.5 7.9 81 0 27.1 46.3 7.5 0.0 0 1 3 4 4
6168.6 4946.2 7.6 81 0 17.5 25.2 10.0 2.5 2 1 4 0 0
6065.1 4746.1 3.3 89 0 25.7 28.3 10.0 0.0 0 1 4 2 2
6092.3 4743.8 3.6 89 0 10.9 70.6 7.5 2.5 2 1 3 5 5
6068.2 4999.4 6.5 261 0 13.0 13.9 7.5 2.5 4 1 3 5 5
6057.2 5043.4 6.6 261 0 12.9 8.7 2.5 2.5 4 0 1 0 0
6138.0 4938.0 7.1 81 0 25.8 33.0 10.0 0.0 0 1 4 3 3
6107.9 4890.8 4.3 261 0 43.2 106.8 12.5 0.0 0 1 5 4 4
6258.8 3852.9 -8.4 89 0 6.2 5.8 7.5 2.5 2 0 3 2 2
6247.7 3851.1 -8.7 95 0 11.1 7.9 2.5 2.5 2 0 1 4 4
6258.2 3813.7 -8.0 89 0 8.5 9.2 2.5 2.5 2 1 1 1 1
6270.7 3872.4 -8.6 90 0 5.3 9.5 5.0 2.5 2 1 2 0 0
6287.0 4049.1 -7.9 22 0 26.1 17.8 7.5 2.5 2 0 3 0 0
6278.3 3872.0 -8.4 89 0 7.6 10.7 5.0 2.5 2 1 2 0 0
6258.0 4043.7 -7.9 22 0 13.4 18.1 7.5 2.5 2 1 3 4 4
6263.4 3862.4 -8.5 91 0 7.4 8.7 5.0 2.5 2 1 2 5 5
6294.1 3835.9 -7.6 85 0 14.8 21.6 10.0 0.0 0 1 4 0 0
6266.6 4064.6 -7.5 22 0 10.8 16.7 7.5 2.5 2 1 3 4 4
6264.3 3801.5 -7.9 79 0 10.1 6.8 5.0 2.5 2 0 2 1 1
6254.5 3879.0 -9.3 5 0 11.0 14.0 5.0 2.5 2 1 2 4 4
6267.2 3850.1 -8.2 89 0 6.8 8.0 2.5 2.5 2 1 1 1 1
6277.3 3860.6 -8.1 90 0 7.9 8.6 5.0 0.0 0 1 2 5 5
6302.7 3830.6 -7.3 356 0 9.8 13.5 7.5 2.5 2 1 3 4 4
6270.3 3840.4 -7.9 89 0 7.7 7.0 7.5 0.0 0 0 3 2 2
6198.1 3767.5 -8.9 92 0 10.1 6.9 7.5 2.5 2 0 3 2 2
6318.6 4039.4 -8.0 23 0 17.3 23.2 10.0 2.5 2 1 4 3 3
6385.8 3997.3 -7.3 23 0 32.7 13.1 7.5 0.0 0 0 3 3 3
6317.1 3984.2 -8.9 23 0 21.6 12.9 7.5 2.5 2 0 3 5 5
6187.7 4011.9 -8.6 22 0 11.7 13.9 7.5 2.5 4 1 3 4 4
6333.8 3865.5 -6.9 87 0 5.3 9.6 2.5 0.0 0 1 1 3 3
6298.5 4021.3 -8.4 23 0 18.6 17.5 10.0 0.0 0 0 4 1 1
6232.8 4022.1 -8.5 25 0 27.4 15.6 7.5 2.5 2 0 3 1 1
6208.6 3769.0 -8.8 93 0 8.4 8.1 5.0 2.5 2 0 2 1 1
6161.2 4015.7 -8.5 112 0 4.7 10.4 2.5 2.5 2 1 1 0 0
6309.3 4014.1 -8.6 23 0 23.1 9.9 2.5 2.5 2 0 1 0 0
6237.3 4057.7 -7.7 23 0 17.8 12.3 7.5 2.5 2 0 3 1 1
6286.0 3972.0 -9.2 23 0 4.4 10.9 7.5 2.5 2 1 3 2 2
6200.8 3806.2 -9.2 91 0 8.3 11.6 5.0 2.5 2 1 2 4 4
6332.1 3976.1 -8.5 23 0 21.3 15.3 7.5 2.5 2 0 3 3 3
6328.8 3874.7 -8.2 356 0 25.8 39.6 12.5 0.0 0 1 5 4 4
6120.6 4029.4 -8.3 112 0 5.6 8.4 7.5 2.5 2 1 3 5 5
6135.9 4019.0 -8.5 112 0 7.4 15.0 7.5 2.5 2 1 3 2 2
6368.2 3962.2 -7.3 23 0 27.3 16.0 7.5 2.5 2 0 3 2 2
6213.0 3850.6 -9.6 92 0 7.6 11.8 2.5 2.5 2 1 1 4 4
6222.9 3851.5 -9.3 92 0 8.0 10.6 2.5 2.5 2 1 1 4 4
6202.8 4022.6 -8.3 47 0 19.5 38.1 7.5 0.0 0 1 3 1 1
5905.5 3742.9 -12.7 90 0 16.5 23.2 10.0 2.5 2 1 4 1 1
5995.9 3741.1 -12.7 84 0 21.1 91.0 10.0 0.0 0 1 4 3 3
5908.6 3715.7 -12.6 89 0 12.1 20.0 10.0 2.5 2 1 4 2 2
6034.7 3704.9 -11.9 85 0 12.6 10.8 2.5 2.5 2 0 1 4 4
5882.7 3878.2 -12.9 193 0 41.9 77.1 10.0 0.0 0 1 4 2 2
5909.5 3901.7 -12.2 193 0 12.6 45.1 7.5 2.5 2 1 3 2 2
5908.8 3681.7 -12.5 88 0 14.8 25.0 10.0 2.5 2 1 4 2 2
5923.3 3747.1 -12.8 90 0 15.4 21.1 10.0 2.5 2 1 4 0 0
5854.1 3973.6 -11.4 195 0 14.4 21.4 10.0 2.5 4 1 4 4 4
6069.1 3713.3 -11.5 93 0 8.5 11.3 7.5 2.5 2 1 3 4 4
5941.8 4370.4 -4.0 199 0 7.3 9.8 5.0 2.5 2 1 2 5 5
5987.6 4275.9 -5.7 196 0 57.1 28.8 12.5 0.0 0 0 5 5 5
5931.3 4353.3 -4.4 199 0 13.9 4.6 5.0 0.0 0 0 2 1 1
5996.2 4465.6 -2.0 199 0 17.8 37.8 7.5 2.5 2 1 3 0 0
6049.7 4259.8 -5.4 196 0 55.3 24.7 10.0 2.5 2 0 4 1 1
5872.1 4046.6 -10.3 192 0 36.8 21.9 7.5 0.0 0 0 3 4 4
5949.6 4270.6 -5.9 199 0 35.2 18.9 7.5 0.0 0 0 3 4 4
5965.1 4305.7 -5.1 199 0 31.4 15.4 10.0 2.5 2 0 4 0 0
5967.3 4335.1 -4.4 199 0 10.9 20.7 7.5 2.5 2 1 3 3 3
6018.1 4267.9 -5.5 196 0 54.8 29.3 10.0 0.0 0 0 4 2 2
6859.1 4044.3 -7.7 90 0 9.3 8.2 5.0 2.5 2 0 2 1 1
6869.0 4111.1 -8.0 30 0 12.3 11.9 2.5 2.5 2 0 1 1 1
6918.5 4505.7 -3.3 208 0 17.8 15.1 7.5 2.5 2 0 3 5 5
6913.8 4199.0 -6.8 183 0 6.1 7.9 7.5 2.5 2 1 3 1 1
6908.6 4259.5 -5.5 27 0 11.2 33.1 10.0 2.5 2 1 4 0 0
6919.9 4547.3 -3.7 299 0 98.2 21.9 15.0 0.0 0 0 6 2 2
6859.7 4213.9 -6.3 30 0 17.9 29.2 10.0 2.5 2 1 4 1 1
6918.8 4287.9 -5.6 27 0 12.7 26.5 10.0 2.5 2 1 4 5 5
6888.5 4033.0 -8.2 82 0 8.5 20.5 5.0 2.5 2 1 2 3 3
6758.8 4057.9 -6.5 29 0 16.1 23.7 10.0 2.5 2 1 4 5 5
6884.2 4157.1 -7.2 300 0 5.0 25.5 7.5 2.5 2 1 3 5 5
6895.7 4518.5 -2.0 28 0 16.7 40.1 10.0 2.5 2 1 4 3 3
6906.0 4176.0 -6.4 355 0 7.5 9.0 5.0 2.5 2 1 2 4 4
6867.8 4027.2 -7.9 86 0 27.0 14.5 10.0 2.5 2 0 4 5 5
6919.0 4408.3 -4.1 29 0 25.2 116.0 15.0 0.0 0 1 6 2 2
6916.1 4517.1 -2.8 298 0 10.7 18.1 5.0 2.5 2 1 2 4 4
6878.9 4203.6 -6.1 29 0 15.9 17.5 10.0 2.5 4 1 4 4 4
6863.8 4098.4 -8.2 30 0 11.3 13.9 7.5 2.5 2 1 3 2 2
6905.5 4345.3 -4.8 117 0 22.5 40.8 7.5 0.0 0 1 3 4 4
6785.4 4036.0 -6.9 119 0 25.6 36.5 10.0 0.0 0 1 4 2 2
6883.1 4231.2 -5.6 29 0 12.9 33.1 7.5 2.5 2 1 3 3 3
