-6261.5 4651.7 33.2 43 0 53.9 20.8 5.0 2.5 2 0 2 0 0
6911.5 -3384.7 -20.8 0 0 14.6 8.7 7.5 2.5 2 0 3 0 0
6674.4 -3765.9 -26.1 78 0 8.5 5.9 7.5 2.5 2 0 3 0 0
5267.3 -4419.0 -41.7 280 0 44.9 16.2 12.5 2.5 2 0 5 1 1
5644.6 -3974.9 -32.8 183 0 22.0 21.7 10.0 0.0 0 0 4 5 5
5501.6 -4187.1 -31.2 81 0 8.4 33.3 5.0 2.5 2 1 2 1 1
5290.6 -4397.3 -39.9 91 0 17.3 28.8 12.5 2.5 2 1 5 5 5
5658.3 -4014.1 -31.2 184 0 5.9 10.4 7.5 2.5 2 1 3 3 3
5535.6 -4072.0 -28.5 85 0 10.9 8.5 2.5 2.5 2 0 1 4 4
6017.2 -4021.4 -36.7 6 0 17.5 12.6 7.5 2.5 2 0 3 0 0
5292.2 -4245.8 -38.2 13 0 14.5 11.5 7.5 2.5 2 0 3 3 3
5614.8 -4055.6 -29.1 90 0 5.9 10.2 5.0 2.5 2 1 2 3 3
5305.3 -4198.9 -37.0 14 0 10.6 10.5 5.0 2.5 2 0 2 4 4
5641.8 -4044.3 -29.8 180 0 10.9 9.3 7.5 0.0 0 0 3 3 3
