4673.0 142.8 -13.7 97 0 9.6 28.5 7.5 2.5 2 1 3 2 2
2676.7 -4785.2 21.7 186 0 7.5 23.2 7.5 2.5 2 1 3 1 1
2715.9 -4791.7 21.0 270 0 8.2 24.9 5.0 2.5 2 1 2 0 0
2709.7 -4844.2 20.6 89 0 20.7 8.3 7.5 0.0 0 0 3 4 4
6259.1 48.0 -7.6 186 0 3.8 17.2 10.5 3.5 2 1 3 5 5
6190.5 1.6 -9.6 188 0 8.5 8.0 10.5 3.5 2 0 3 4 4
6205.3 -4.9 -9.5 98 0 15.3 8.4 10.5 3.5 2 0 3 0 0
6218.7 -6.8 -9.2 98 0 11.7 8.4 10.5 3.5 2 0 3 5 5
6245.8 -6.6 -8.9 8 0 8.4 13.7 10.5 3.5 2 0 3 2 2
6348.5 -80.3 -8.2 277 0 7.4 19.8 10.5 3.5 2 1 3 0 0
6371.1 -58.2 -7.3 8 0 8.9 11.1 10.5 3.5 2 1 3 0 0
6338.7 -28.0 -7.5 8 0 21.9 6.4 10.5 3.5 4 0 3 4 4
6300.1 -51.2 -8.4 97 0 9.3 14.5 10.5 3.5 2 1 3 3 3
6311.6 -54.7 -8.2 98 0 10.3 15.6 10.5 3.5 2 1 3 4 4
6330.3 -49.8 -8.0 7 0 15.7 10.2 10.5 0.0 0 0 3 4 4
5304.3 -2278.9 -16.0 271 0 5.6 9.2 5.0 2.5 2 1 2 1 1
5312.7 -2271.6 -15.8 182 0 10.1 14.2 2.5 2.5 2 1 1 0 0
5311.2 -2283.8 -16.0 182 0 6.6 16.3 5.0 2.5 2 1 2 4 4
5305.9 -2301.8 -16.5 4 0 15.5 6.6 7.5 2.5 2 0 3 0 0
5220.4 -2257.6 -15.3 93 0 5.1 14.9 7.5 2.5 2 1 3 1 1
5228.8 -2248.7 -15.2 275 0 7.3 7.0 7.5 2.5 2 0 3 0 0
5210.4 -2264.4 -15.7 287 0 6.7 10.6 7.5 2.5 2 1 3 4 4
5249.1 -2289.1 -16.1 298 0 5.9 10.0 5.0 2.5 2 1 2 0 0
5217.1 -2223.5 -14.8 284 0 6.7 7.4 7.5 2.5 2 1 3 5 5
5317.8 -2303.7 -16.5 185 0 9.8 6.9 7.5 2.5 2 0 3 1 1
5333.9 -2305.6 -16.6 5 0 8.7 8.1 7.5 2.5 2 0 3 3 3
5251.5 -2191.4 -13.9 100 0 9.5 12.9 2.5 2.5 2 1 1 0 0
5227.0 -2202.7 -14.2 104 0 4.7 10.0 7.5 2.5 2 1 3 4 4
5120.0 -243.2 -26.1 102 0 21.4 16.7 10.0 2.5 2 0 4 1 1
