6284.5 1635.8 1.9 268 0 102.4 113.1 7.5 0.0 0 1 3 5 5
-467.2 6481.3 7.5 195 0 95.8 51.2 12.5 0.0 0 0 5 0 0
5675.7 731.9 4.8 102 0 24.7 77.0 10.0 0.0 0 0 4 5 5
5699.6 842.4 3.9 282 0 25.9 36.1 12.5 0.0 0 0 5 2 2
6074.0 637.4 12.4 179 0 36.8 20.7 5.0 0.0 0 0 2 1 1
6041.8 776.9 10.8 228 0 14.5 16.1 2.5 2.5 2 0 1 4 4
6040.7 779.8 10.7 114 0 12.6 15.9 5.0 2.5 2 0 2 4 4
5778.6 767.3 5.8 190 0 49.6 27.4 12.5 0.0 0 0 5 4 4
5786.1 702.6 7.6 175 0 16.2 18.3 7.5 2.5 2 1 3 1 1
-736.9 940.5 -1.4 27 0 34.4 38.1 10.0 0.0 0 1 4 5 5
-726.7 964.8 -1.4 28 0 11.5 19.3 5.0 2.5 2 1 2 3 3
-698.5 986.3 -1.7 25 0 14.0 10.4 10.0 2.5 2 0 4 2 2
-769.5 1009.6 -2.0 204 0 4.5 8.5 7.5 0.0 0 1 3 5 5
-767.9 1015.0 -2.1 206 0 4.2 9.6 5.0 2.5 2 1 2 0 0
-755.9 1019.5 -2.1 298 0 6.3 5.2 5.0 2.5 2 0 2 1 1
-758.8 1050.1 -2.6 294 0 8.7 7.9 2.5 2.5 2 0 1 3 3
-758.5 1058.4 -2.8 299 0 4.2 7.4 5.0 2.5 2 1 2 3 3
-788.7 1020.3 -2.4 117 0 12.7 6.9 7.5 2.5 4 0 3 0 0
-789.4 1031.6 -2.4 208 0 3.4 12.8 7.5 2.5 2 1 3 1 1
-815.3 1074.1 -3.2 289 0 11.4 11.3 7.5 2.5 2 0 3 3 3
-815.1 1080.8 -3.3 199 0 7.2 11.5 7.5 2.5 2 1 3 5 5
-816.3 1111.2 -3.7 290 0 4.7 8.2 7.5 2.5 2 1 3 4 4
-927.2 1088.6 -3.8 278 0 3.8 11.3 2.5 2.5 2 1 1 0 0
-121.8 1017.8 5.4 95 0 9.3 12.8 7.5 2.5 2 1 3 4 4
-276.9 936.9 2.1 96 0 7.8 4.6 5.0 2.5 2 0 2 0 0
-290.2 936.7 1.8 104 0 12.1 5.0 7.5 2.5 4 0 3 2 2
-316.8 945.4 1.3 96 0 11.5 5.3 5.0 2.5 2 0 2 2 2
-471.8 908.8 -0.7 274 0 23.4 5.0 7.5 2.5 2 0 3 1 1
-419.2 942.1 -0.6 88 0 6.7 5.3 2.5 2.5 2 0 1 3 3
-1182.0 1072.4 -10.2 287 0 46.9 31.0 15.0 0.0 0 0 6 4 4
-1151.8 1060.0 -10.1 288 0 15.3 11.7 5.0 2.5 2 0 2 3 3
-433.9 965.2 -0.7 193 0 10.2 8.3 2.5 2.5 2 0 1 2 2
-430.5 976.7 -0.6 199 0 9.1 8.2 7.5 2.5 4 0 3 4 4
-434.9 982.0 -0.8 289 0 7.5 9.6 2.5 2.5 4 1 1 5 5
-432.3 995.0 -0.5 113 0 4.9 19.9 7.5 2.5 2 1 3 1 1
-440.5 999.7 -0.7 113 0 3.1 17.9 7.5 0.0 0 1 3 3 3
-458.1 1006.6 -1.0 112 0 3.2 17.2 2.5 2.5 2 1 1 0 0
-466.7 1010.0 -1.1 116 0 4.1 18.4 7.5 2.5 2 1 3 0 0
-505.3 997.8 -1.9 128 0 5.6 8.8 5.0 0.0 0 1 2 4 4
-497.7 1031.9 -1.6 118 0 6.4 8.5 5.0 0.0 0 1 2 0 0
-1240.2 706.3 -8.6 211 0 34.6 83.0 15.0 0.0 0 1 6 0 0
-1276.7 661.9 -9.6 211 0 32.1 92.2 12.5 0.0 0 1 5 2 2
-1178.0 700.6 -6.1 306 0 16.8 8.0 7.5 2.5 2 0 3 1 1
-1228.8 603.4 -6.5 212 0 13.9 17.5 7.5 2.5 2 1 3 0 0
-1263.0 620.8 -8.3 207 0 17.9 19.8 10.0 0.0 0 1 4 0 0
-1273.4 635.3 -8.9 215 0 6.9 9.5 7.5 2.5 2 1 3 3 3
-1297.5 604.8 -9.6 206 0 30.9 110.1 12.5 0.0 0 1 5 4 4
-1149.3 550.3 -2.9 21 0 13.4 14.4 2.5 2.5 4 1 1 2 2
-609.8 1056.5 -3.4 123 0 3.4 11.1 5.0 2.5 4 1 2 5 5
-729.3 1065.2 -3.0 195 0 9.3 10.4 7.5 2.5 4 1 3 5 5
-683.0 1079.9 -3.4 359 0 3.5 10.2 5.0 2.5 2 1 2 4 4
-689.0 1082.7 -3.5 88 0 7.8 8.4 2.5 2.5 2 1 1 3 3
-666.0 1116.4 -4.3 187 0 6.8 12.4 7.5 0.0 0 1 3 3 3
-694.9 1104.9 -3.8 355 0 5.6 8.4 2.5 2.5 2 1 1 5 5
-678.2 1112.3 -4.1 4 0 10.5 12.5 2.5 2.5 2 1 1 3 3
-726.9 1108.5 -3.8 193 0 4.9 6.5 7.5 2.5 2 1 3 0 0
-726.0 1131.1 -4.3 182 0 9.0 3.8 5.0 2.5 4 0 2 5 5
-716.0 1135.4 -4.3 268 0 7.6 5.9 5.0 2.5 2 0 2 4 4
-707.9 1134.5 -4.3 269 0 6.0 6.3 5.0 2.5 2 1 2 4 4
-716.6 1140.1 -4.4 267 0 8.4 4.1 7.5 2.5 2 0 3 4 4
-704.4 1145.3 -4.6 355 0 5.9 8.0 5.0 2.5 4 1 2 1 1
-680.3 1147.4 -4.5 176 0 4.7 8.7 5.0 2.5 2 1 2 2 2
-752.4 1070.4 -3.2 124 0 5.4 9.6 5.0 2.5 2 1 2 0 0
-734.4 1072.6 -3.2 19 0 8.0 8.7 2.5 2.5 2 1 1 2 2
-732.7 1082.2 -3.3 16 0 7.7 6.9 5.0 0.0 0 0 2 0 0
-734.9 1117.1 -4.0 10 0 8.8 6.0 5.0 2.5 2 0 2 4 4
-738.6 1130.2 -4.3 94 0 5.1 8.1 5.0 2.5 2 1 2 1 1
-757.5 1131.2 -4.1 269 0 6.6 7.9 2.5 2.5 2 1 1 1 1
-789.8 1115.3 -3.8 192 0 6.4 7.6 7.5 2.5 2 1 3 4 4
-910.9 1171.5 -5.0 278 0 9.9 46.3 7.5 2.5 2 1 3 2 2
-892.8 1169.0 -4.9 279 0 8.7 47.5 7.5 2.5 2 1 3 3 3
-876.7 1165.1 -4.7 279 0 8.7 43.6 7.5 2.5 2 1 3 4 4
-855.1 1169.8 -4.8 98 0 8.0 7.7 5.0 2.5 2 0 2 5 5
-842.4 1123.0 -4.2 94 0 23.8 10.4 5.0 2.5 2 0 2 5 5
-844.0 1162.1 -4.5 275 0 7.3 15.9 5.0 2.5 2 1 2 5 5
-820.3 1123.9 -4.1 97 0 10.5 11.2 5.0 2.5 2 1 2 5 5
-842.5 1166.7 -4.7 100 0 5.2 7.0 5.0 2.5 2 1 2 0 0
-829.8 1173.3 -4.8 97 0 6.4 5.3 5.0 2.5 2 0 2 2 2
-817.0 1179.8 -5.0 94 0 6.6 7.9 7.5 2.5 2 1 3 5 5
-814.8 1208.4 -5.5 2 0 13.2 11.0 5.0 0.0 0 0 2 3 3
-818.4 1223.6 -5.8 4 0 6.7 7.2 5.0 2.5 2 1 2 5 5
-770.9 1148.6 -4.6 89 0 5.8 11.1 7.5 2.5 2 1 3 1 1
-785.8 1183.8 -5.1 174 0 8.7 3.8 7.5 2.5 2 0 3 0 0
-738.8 1157.5 -4.7 358 0 4.2 8.2 7.5 2.5 2 1 3 1 1
-730.1 1159.2 -4.8 4 0 7.7 6.9 7.5 0.0 0 0 3 0 0
-751.0 1168.2 -4.9 1 0 7.1 4.3 5.0 2.5 2 0 2 3 3
-742.0 1169.4 -5.0 3 0 9.1 4.6 7.5 2.5 2 0 3 0 0
-729.5 1170.4 -5.0 20 0 4.1 7.8 7.5 0.0 0 1 3 3 3
-736.2 1179.0 -5.2 20 0 6.8 4.5 5.0 2.5 2 0 2 4 4
-742.1 1180.2 -5.2 13 0 7.3 4.4 5.0 2.5 4 0 2 4 4
-752.0 1192.6 -5.4 5 0 7.1 4.6 5.0 2.5 2 0 2 0 0
-714.7 1198.6 -5.0 10 0 4.3 8.2 5.0 2.5 2 1 2 2 2
-645.6 1162.5 -3.8 186 0 6.1 5.5 2.5 2.5 2 0 1 5 5
-643.7 1179.1 -3.7 191 0 7.0 7.8 5.0 2.5 2 1 2 5 5
-642.0 1189.1 -3.6 187 0 4.4 14.2 7.5 2.5 2 1 3 5 5
-627.1 1183.7 -3.3 194 0 5.8 8.8 2.5 2.5 2 1 1 5 5
-639.9 1201.3 -3.6 272 0 8.7 5.4 7.5 2.5 4 0 3 1 1
-626.0 1224.9 -3.2 274 0 4.2 8.7 7.5 2.5 2 1 3 0 0
-617.0 1222.9 -3.0 275 0 6.9 7.0 7.5 0.0 0 1 3 0 0
-620.0 1230.3 -3.0 188 0 6.6 11.8 2.5 2.5 2 1 1 5 5
-606.0 1296.2 -2.4 269 0 6.3 5.0 5.0 2.5 2 0 2 1 1
-610.1 1269.7 -2.7 10 0 12.5 5.1 5.0 2.5 2 0 2 5 5
-627.2 1240.5 -3.1 98 0 5.5 7.0 7.5 2.5 2 1 3 0 0
-635.8 1230.5 -3.3 102 0 5.8 10.3 5.0 2.5 4 1 2 1 1
-630.6 1245.6 -3.2 0 0 6.8 7.0 7.5 2.5 2 1 3 3 3
-659.4 1240.5 -3.7 95 0 10.0 8.2 5.0 2.5 2 0 2 2 2
-659.6 1259.2 -3.6 110 0 6.7 8.3 7.5 2.5 2 1 3 4 4
-668.2 1252.8 -3.8 93 0 6.8 7.4 7.5 2.5 2 1 3 4 4
-676.5 1244.3 -4.0 94 0 3.8 10.7 5.0 2.5 2 1 2 5 5
-698.1 1282.2 -4.2 261 0 4.2 9.3 7.5 2.5 2 1 3 2 2
-693.6 1154.8 -4.8 84 0 13.3 13.7 5.0 2.5 2 1 2 1 1
-674.0 1154.2 -4.4 89 0 6.9 11.7 5.0 2.5 2 1 2 2 2
-652.0 1165.4 -4.2 7 0 9.5 14.6 2.5 2.5 2 1 1 1 1
-653.8 1180.9 -4.1 8 0 15.2 13.6 5.0 2.5 2 0 2 5 5
-649.4 1184.9 -3.8 278 0 3.5 9.0 5.0 2.5 2 1 2 2 2
-647.9 1195.9 -3.7 4 0 9.0 4.6 2.5 2.5 2 0 1 5 5
-647.8 1207.8 -3.7 2 0 7.1 4.7 2.5 2.5 2 0 1 0 0
-641.0 1216.4 -3.6 7 0 6.7 8.4 5.0 2.5 2 1 2 0 0
-652.8 1231.0 -3.7 280 0 7.0 7.7 5.0 2.5 2 1 2 2 2
-656.0 1222.0 -3.8 273 0 9.8 3.5 5.0 2.5 2 0 2 3 3
-665.8 1222.7 -3.9 273 0 6.1 8.5 5.0 0.0 0 1 2 2 2
-677.0 1227.8 -4.2 271 0 10.5 4.8 5.0 0.0 0 0 2 4 4
-697.9 1208.3 -4.5 174 0 5.1 12.5 5.0 2.5 2 1 2 0 0
-698.0 1213.8 -4.5 178 0 3.5 9.8 5.0 2.5 2 1 2 2 2
-700.0 1191.5 -4.6 180 0 4.1 10.1 5.0 2.5 2 1 2 5 5
-703.0 1201.4 -4.8 273 0 3.0 13.9 7.5 2.5 4 1 3 4 4
-696.2 1231.3 -4.6 2 0 12.3 10.1 7.5 2.5 2 0 3 5 5
-701.3 1242.5 -4.5 87 0 5.3 11.6 2.5 2.5 2 1 1 0 0
-717.6 1254.1 -4.8 271 0 7.1 5.1 5.0 2.5 2 0 2 3 3
-724.1 1235.8 -5.0 1 0 6.2 6.8 7.5 2.5 2 1 3 3 3
-727.8 1255.8 -5.0 271 0 8.8 4.1 2.5 2.5 2 0 1 4 4
-750.3 1248.0 -5.3 178 0 5.5 7.4 5.0 2.5 4 1 2 2 2
-772.0 1212.8 -5.8 180 0 11.5 11.0 2.5 2.5 2 0 1 0 0
-749.4 1202.5 -5.6 8 0 5.2 7.8 7.5 2.5 2 1 3 3 3
-730.0 1202.2 -5.4 16 0 9.1 8.7 7.5 2.5 2 0 3 4 4
-745.3 1213.4 -5.4 99 0 4.2 11.0 7.5 2.5 2 1 3 1 1
6792.9 -5417.7 -35.0 283 0 7.2 23.7 7.5 2.5 2 1 3 2 2
6543.6 -6058.9 -40.6 7 0 18.9 17.8 10.0 2.5 2 0 4 1 1
6343.4 -6194.7 -43.0 113 0 12.4 12.3 5.0 2.5 2 0 2 2 2
6741.7 -5334.1 -35.8 180 0 18.1 13.8 7.5 2.5 2 0 3 0 0
6819.7 -5362.3 -34.2 13 0 11.6 12.5 7.5 2.5 2 1 3 4 4
6741.2 -5193.9 -35.6 4 0 7.2 10.8 2.5 2.5 2 1 1 5 5
6765.3 -5435.4 -35.7 103 0 12.9 28.4 7.5 2.5 2 1 3 5 5
6697.7 -5209.6 -36.5 183 0 11.6 7.8 7.5 2.5 2 0 3 0 0
6458.4 -6135.7 -41.6 24 0 17.0 13.0 7.5 0.0 0 0 3 1 1
6561.1 -5237.4 -39.4 184 0 10.3 13.2 7.5 2.5 2 1 3 5 5
6400.3 -6449.9 -42.5 205 0 18.0 11.3 7.5 0.0 0 0 3 4 4
6488.8 -5240.7 -40.4 93 0 17.1 14.5 10.0 2.5 2 0 4 0 0
6718.2 -5289.1 -36.5 0 0 7.7 8.2 7.5 2.5 2 1 3 0 0
6722.1 -5331.4 -36.3 180 0 6.0 16.2 2.5 2.5 2 1 1 0 0
6473.7 -6126.7 -41.3 198 0 13.7 15.6 7.5 2.5 2 1 3 1 1
6721.0 -5211.2 -36.1 7 0 13.0 4.9 7.5 2.5 2 0 3 0 0
6719.6 -5341.3 -36.4 180 0 11.1 19.0 7.5 2.5 2 1 3 3 3
6753.0 -5307.8 -35.4 180 0 13.2 14.8 5.0 2.5 2 1 2 2 2
6801.8 -5481.9 -34.9 103 0 16.6 13.4 7.5 2.5 2 0 3 3 3
6490.0 -6068.8 -41.2 21 0 9.9 10.7 5.0 2.5 2 1 2 1 1
6445.4 -6488.2 -42.0 110 0 13.0 9.4 7.5 2.5 2 0 3 1 1
6741.1 -5178.4 -35.5 3 0 12.2 7.0 7.5 2.5 2 0 3 0 0
6446.0 -6126.6 -41.7 24 0 16.7 9.1 7.5 2.5 2 0 3 4 4
6434.2 -6207.7 -41.8 202 0 16.7 12.2 5.0 2.5 2 0 2 5 5
6476.5 -6065.0 -41.3 23 0 21.5 8.0 7.5 2.5 4 0 3 5 5
6797.4 -5337.2 -35.0 6 0 11.5 23.4 10.0 2.5 4 1 4 5 5
6856.8 -6748.4 -37.2 100 0 9.0 84.9 7.5 2.5 2 1 3 3 3
6686.8 -5302.9 -37.4 2 0 15.7 8.9 7.5 2.5 2 0 3 1 1
6495.4 -6483.4 -41.4 112 0 6.8 43.0 7.5 2.5 2 1 3 2 2
6746.0 -5220.3 -35.3 183 0 16.1 9.3 2.5 2.5 2 0 1 1 1
6694.7 -5365.1 -37.5 8 0 11.4 9.1 5.0 2.5 2 0 2 3 3
6709.5 -5412.3 -37.0 193 0 15.5 8.8 7.5 2.5 2 0 3 5 5
6700.4 -5326.7 -37.2 2 0 8.9 10.4 2.5 2.5 4 1 1 2 2
6711.0 -5134.7 -36.0 275 0 6.6 12.8 7.5 2.5 2 1 3 2 2
6463.6 -6404.2 -41.7 290 0 7.1 7.8 7.5 2.5 2 1 3 0 0
6725.2 -5272.9 -36.0 179 0 10.8 6.1 5.0 0.0 0 0 2 4 4
6736.3 -5425.7 -36.4 103 0 11.2 16.2 7.5 2.5 2 1 3 2 2
6643.9 -5334.2 -38.5 187 0 6.4 12.6 7.5 2.5 2 1 3 0 0
6891.9 -5258.8 -31.8 269 0 21.6 18.7 15.0 0.0 0 0 6 4 4
6858.4 -6664.3 -37.3 280 0 8.9 82.8 7.5 2.5 2 1 3 5 5
6691.4 -5223.9 -36.8 193 0 9.1 13.7 7.5 2.5 2 1 3 0 0
6890.1 -5241.1 -31.6 90 0 9.2 14.9 5.0 2.5 2 1 2 1 1
6870.0 -6747.8 -37.1 99 0 7.2 80.9 7.5 2.5 2 1 3 1 1
6792.9 -5302.0 -34.4 269 0 4.7 13.2 5.0 2.5 2 1 2 4 4
6605.8 -5256.7 -39.1 5 0 9.6 21.4 5.0 2.5 2 1 2 0 0
6706.1 -5442.2 -37.2 193 0 12.7 7.9 5.0 2.5 2 0 2 3 3
6514.7 -6037.4 -40.7 105 0 9.0 16.4 2.5 2.5 2 1 1 0 0
6510.1 -6482.6 -41.2 108 0 8.3 36.8 7.5 2.5 2 1 3 3 3
6722.7 -5413.7 -36.7 193 0 16.0 8.6 5.0 2.5 2 0 2 2 2
6733.7 -5264.2 -35.8 181 0 13.4 12.5 5.0 2.5 4 0 2 2 2
6534.5 -6174.5 -40.7 107 0 16.5 7.8 5.0 2.5 2 0 2 2 2
6748.1 -5429.5 -36.1 103 0 10.6 19.5 2.5 0.0 0 1 1 0 0
6676.7 -5259.6 -37.3 187 0 8.1 6.6 2.5 2.5 4 0 1 4 4
6486.4 -6100.9 -41.1 199 0 13.1 13.7 5.0 2.5 4 1 2 3 3
6050.1 -5417.1 -38.1 92 0 10.7 22.6 5.0 2.5 2 1 2 0 0
6687.6 -4696.9 -35.3 282 0 16.5 18.7 7.5 2.5 2 1 3 2 2
6613.4 -4684.6 -37.0 99 0 7.5 25.4 7.5 2.5 2 1 3 1 1
6284.9 -4885.2 -40.9 104 0 9.4 9.9 5.0 2.5 2 1 2 2 2
6706.9 -4721.8 -34.6 100 0 7.6 15.7 5.0 2.5 2 1 2 4 4
6167.3 -4961.2 -36.9 184 0 17.3 14.0 5.0 2.5 2 0 2 2 2
6746.0 -4667.3 -33.7 14 0 15.7 14.5 5.0 2.5 2 0 2 5 5
6036.7 -5417.1 -37.3 99 0 5.0 16.2 5.0 2.5 2 1 2 4 4
6664.9 -4702.8 -35.7 277 0 5.8 9.9 7.5 2.5 2 1 3 1 1
6756.1 -4963.0 -34.1 182 0 8.7 5.8 5.0 2.5 4 0 2 3 3
6805.6 -5098.3 -33.3 272 0 5.7 7.1 7.5 2.5 4 1 3 2 2
6742.7 -6426.2 -38.4 22 0 7.3 9.5 5.0 2.5 2 1 2 4 4
6639.4 -4680.5 -36.2 102 0 8.2 18.2 2.5 2.5 4 1 1 3 3
6030.0 -5367.0 -36.7 178 0 11.2 11.9 5.0 2.5 2 1 2 1 1
6666.2 -4721.7 -35.8 281 0 9.9 8.3 7.5 0.0 0 0 3 5 5
6902.2 -4898.0 -30.3 13 0 13.1 15.0 5.0 2.5 2 1 2 4 4
6043.6 -5323.0 -36.3 267 0 8.8 7.2 5.0 2.5 2 0 2 1 1
6345.5 -5750.7 -42.5 195 0 32.6 56.1 15.0 0.0 0 1 6 1 1
6059.7 -5351.2 -37.3 0 0 8.3 9.2 5.0 2.5 2 1 2 0 0
6894.8 -6013.6 -34.3 93 0 8.5 12.2 5.0 2.5 2 1 2 3 3
6693.3 -4679.5 -35.0 277 0 14.1 12.6 5.0 2.5 2 0 2 0 0
6657.5 -6415.2 -39.3 112 0 6.5 8.6 5.0 2.5 2 1 2 1 1
6694.9 -4736.9 -34.9 100 0 6.1 8.9 5.0 2.5 2 1 2 4 4
6036.8 -5200.3 -34.2 179 0 14.9 11.4 5.0 2.5 2 0 2 2 2
6595.5 -4728.1 -37.5 188 0 7.3 16.1 2.5 2.5 2 1 1 5 5
6910.6 -5997.5 -34.0 2 0 8.5 9.5 5.0 2.5 2 1 2 5 5
6918.4 -4972.1 -29.9 192 0 44.9 35.4 10.0 0.0 0 0 4 0 0
6033.6 -5340.5 -36.5 182 0 14.6 14.6 2.5 0.0 0 1 1 2 2
6586.0 -4754.7 -38.1 93 0 15.4 9.6 2.5 2.5 2 0 1 0 0
6620.2 -4714.1 -36.8 198 0 9.2 16.4 7.5 2.5 2 1 3 5 5
6871.9 -4878.4 -30.9 291 0 14.4 10.6 5.0 2.5 2 0 2 3 3
6084.0 -5448.7 -40.7 284 0 22.1 16.1 10.0 0.0 0 0 4 5 5
6069.2 -5203.8 -35.3 2 0 7.7 5.6 7.5 2.5 2 0 3 5 5
6884.1 -4932.9 -30.7 12 0 8.2 7.5 7.5 2.5 2 0 3 2 2
6031.4 -5135.9 -33.5 180 0 12.8 24.8 12.5 2.5 2 1 5 0 0
6499.7 -4803.3 -39.8 190 0 14.0 15.5 7.5 2.5 2 1 3 1 1
6755.3 -4993.5 -34.2 180 0 7.2 7.2 5.0 2.5 2 0 2 4 4
6585.6 -4737.6 -37.8 184 0 10.0 14.8 5.0 2.5 2 1 2 1 1
6539.4 -4736.2 -39.6 17 0 12.3 34.4 10.0 2.5 2 1 4 3 3
6763.7 -5011.8 -34.1 186 0 27.8 27.9 10.0 0.0 0 1 4 3 3
6467.2 -4833.1 -40.2 180 0 10.2 19.2 5.0 2.5 2 1 2 0 0
6446.1 -5849.9 -41.5 107 0 22.0 78.6 10.0 0.0 0 1 4 1 1
6551.0 -5024.9 -39.3 177 0 4.8 7.3 5.0 2.5 2 1 2 5 5
6583.6 -5997.7 -39.9 94 0 9.2 9.3 5.0 2.5 2 1 2 2 2
6770.0 -5260.9 -35.0 272 0 11.7 29.2 7.5 2.5 2 1 3 0 0
6546.4 -6028.6 -40.6 8 0 11.9 21.9 10.0 2.5 4 1 4 0 0
6582.4 -4692.7 -37.9 106 0 16.2 19.7 10.0 2.5 2 1 4 1 1
6908.5 -6057.5 -34.3 3 0 7.3 9.9 5.0 0.0 0 1 2 4 4
6565.1 -4678.6 -38.2 196 0 13.7 10.5 2.5 2.5 2 0 1 3 3
6484.4 -6036.0 -41.2 3 0 9.6 12.6 2.5 2.5 2 1 1 5 5
6499.7 -6038.1 -41.0 5 0 9.3 14.5 7.5 2.5 2 1 3 2 2
6563.1 -5999.6 -40.1 276 0 8.2 11.5 2.5 2.5 2 1 1 3 3
6495.6 -6016.3 -41.1 13 0 7.8 14.3 5.0 2.5 2 0 2 5 5
6563.5 -6191.2 -40.3 103 0 16.7 16.7 5.0 2.5 2 1 2 0 0
6853.9 -5316.5 -33.4 11 0 10.6 23.4 5.0 2.5 2 1 2 4 4
6726.1 -5322.3 -36.2 181 0 9.5 13.5 7.5 2.5 2 1 3 0 0
6551.0 -6005.0 -40.5 14 0 19.1 18.7 5.0 2.5 4 0 2 4 4
-4603.8 -1454.1 -11.4 190 0 11.9 27.1 7.5 2.5 2 1 3 1 1
-4615.7 -1478.7 -11.0 194 0 16.7 31.8 10.0 2.5 2 1 4 5 5
-4471.5 -1820.9 -24.0 60 0 7.4 15.3 7.5 2.5 2 1 3 3 3
4399.7 6226.8 7.6 100 0 16.4 11.0 10.0 2.5 2 0 4 0 0
6638.6 400.0 22.6 280 0 13.4 67.1 10.0 2.5 2 1 4 4 4
6093.7 136.8 18.1 287 0 117.4 33.4 10.0 0.0 0 0 4 4 4
4748.7 5173.0 22.6 13 0 79.1 64.4 12.5 0.0 0 0 5 0 0
3878.9 -150.2 26.7 293 0 15.0 14.8 5.0 2.5 2 0 2 3 3
3896.9 -158.1 27.1 293 0 15.0 14.8 5.0 2.5 2 0 2 5 5
3915.4 -164.7 27.5 293 0 15.0 14.8 10.0 2.5 2 0 4 1 1
3944.5 -194.1 28.2 113 0 15.0 14.8 7.5 2.5 2 0 3 1 1
3926.9 -187.6 27.9 113 0 15.0 14.8 7.5 2.5 2 0 3 2 2
3968.4 -187.3 28.4 293 0 15.0 14.8 2.5 2.5 2 0 1 2 2
3979.8 -208.9 28.1 113 0 15.0 14.8 7.5 2.5 2 0 3 2 2
4005.0 -200.6 27.7 293 0 15.0 14.8 5.0 2.5 2 0 2 3 3
4036.8 -185.3 27.0 293 0 15.0 14.8 7.5 2.5 2 0 3 5 5
4052.2 -192.0 26.7 293 0 15.0 14.8 5.0 2.5 2 0 2 5 5
3974.1 -162.5 28.2 292 0 19.6 14.9 10.0 2.5 2 0 4 2 2
3952.2 -154.3 28.1 291 0 19.2 14.2 7.5 2.5 2 0 3 2 2
3931.6 -145.7 27.8 291 0 19.2 14.2 7.5 2.5 2 0 3 3 3
3910.6 -136.5 27.4 291 0 19.2 14.2 10.0 2.5 2 0 4 2 2
3890.3 -127.8 27.0 291 0 19.2 14.2 7.5 2.5 2 0 3 1 1
3839.9 -50.9 26.0 294 0 47.2 17.2 12.5 2.5 4 0 5 0 0
6266.7 2838.8 -1.7 359 0 44.6 26.7 10.0 0.0 0 0 4 1 1
6517.4 2574.9 -7.6 94 0 23.3 37.6 10.0 0.0 0 1 4 1 1
6460.7 2596.7 -7.6 181 0 29.9 43.0 12.5 0.0 0 1 5 4 4
6406.0 2664.6 -5.7 93 0 22.9 45.7 7.5 2.5 2 1 3 0 0
2112.7 -2839.0 -9.3 197 0 34.8 30.8 5.0 0.0 0 0 2 1 1
6870.6 -1638.9 13.2 96 0 46.7 18.6 12.5 2.5 2 0 5 0 0
6795.4 -1709.2 16.6 184 0 15.5 15.4 5.0 2.5 2 0 2 1 1
6767.5 -1592.4 17.6 256 0 4.7 9.9 5.0 2.5 2 1 2 3 3
6812.9 -1629.9 16.1 94 0 5.7 10.6 5.0 2.5 2 1 2 3 3
6860.5 -1608.6 14.0 276 0 23.0 9.7 7.5 2.5 2 0 3 2 2
3477.0 6505.0 15.0 303 0 14.2 24.5 7.5 2.5 2 1 3 3 3
6521.2 -103.8 24.7 201 0 25.6 17.3 10.0 2.5 2 0 4 0 0
6575.7 -23.2 23.7 20 0 19.0 40.2 12.5 2.5 2 1 5 4 4
6587.9 -45.7 24.5 290 0 17.5 66.0 12.5 2.5 4 1 5 2 2
6611.4 -46.9 24.3 111 0 59.6 18.7 12.5 2.5 2 0 5 1 1
6625.0 -94.0 25.0 18 0 63.8 18.0 12.5 2.5 2 0 5 3 3
6604.8 -125.8 25.4 289 0 60.4 24.0 12.5 2.5 2 0 5 2 2
6626.8 -201.1 26.2 109 0 18.9 61.9 12.5 0.0 0 1 5 3 3
6583.0 -184.8 25.8 110 0 57.5 20.1 12.5 2.5 2 0 5 2 2
6562.0 -113.1 25.1 290 0 17.6 59.1 12.5 0.0 0 1 5 0 0
4447.3 656.3 11.8 93 0 21.8 23.3 10.0 2.5 4 1 4 0 0
4276.2 5155.6 33.3 174 0 28.5 38.6 10.0 0.0 0 1 4 1 1
3971.1 4823.5 27.1 103 0 44.7 22.9 2.5 0.0 0 0 1 5 5
4020.9 4972.0 27.9 136 0 35.4 51.0 10.0 0.0 0 1 4 2 2
4070.3 5056.2 28.2 316 0 49.0 30.9 2.5 0.0 0 0 1 5 5
3989.3 5093.0 26.8 228 0 51.5 38.1 7.5 0.0 0 0 3 5 5
4083.6 4944.1 28.7 47 0 52.9 35.8 7.5 0.0 0 0 3 4 4
3993.8 5021.1 27.3 135 0 21.6 35.4 7.5 0.0 0 1 3 0 0
3993.5 5202.1 26.8 268 0 13.6 24.7 10.0 2.5 4 1 4 1 1
4168.2 5163.3 30.4 55 0 14.5 27.4 10.0 2.5 4 1 4 2 2
4550.7 5633.7 26.5 8 0 35.6 20.5 10.0 0.0 0 0 4 1 1
4330.4 4591.8 24.7 199 0 25.3 22.8 7.5 2.5 2 0 3 0 0
4308.5 4588.6 25.6 12 0 22.8 21.1 2.5 2.5 4 0 1 5 5
3996.6 4900.5 27.9 180 0 58.9 37.9 2.5 0.0 0 0 1 1 1
4269.5 4432.2 24.0 194 0 36.1 47.6 10.0 0.0 0 1 4 2 2
4110.8 4924.3 30.1 136 0 33.7 35.2 7.5 0.0 0 1 3 3 3
3882.2 5926.9 18.0 5 0 19.6 7.9 7.5 2.5 2 0 3 4 4
4495.7 5044.8 24.5 10 0 24.9 10.9 12.5 2.5 2 0 5 0 0
4605.2 5561.8 26.4 13 0 9.8 20.2 3.5 2.5 2 1 1 5 5
4679.9 5876.3 20.2 9 0 9.4 29.8 7.5 2.5 2 1 3 2 2
4769.5 6108.6 8.7 212 0 19.2 24.8 5.0 2.5 2 1 2 2 2
1600.1 170.0 13.2 356 0 17.8 18.4 10.0 0.0 0 1 4 1 1
