-810.4 -6419.4 4.5 274 0 31.3 22.2 7.5 0.0 0 0 3 3 3
-306.4 -4591.0 22.0 207 0 17.7 16.7 10.0 0.0 0 0 4 1 1
-193.6 -4567.3 19.8 126 0 29.8 12.7 10.0 2.5 2 0 4 3 3
5977.4 -2067.6 -11.0 277 0 8.5 11.6 7.5 2.5 2 1 3 4 4
6107.2 -3337.8 0.8 182 0 13.2 21.8 10.0 2.5 2 1 4 5 5
5792.8 -2198.6 -14.4 109 0 7.4 7.0 2.5 2.5 2 0 1 0 0
6045.2 -2025.1 -9.3 103 0 4.6 7.2 5.0 2.5 2 1 2 2 2
6187.6 -2017.5 -5.6 6 0 13.1 16.7 7.5 2.5 2 1 3 3 3
5596.6 -3102.7 -10.9 2 0 4.5 8.0 7.5 2.5 2 1 3 4 4
6112.8 -2472.9 -2.7 175 0 7.2 11.8 7.5 2.5 2 1 3 4 4
5620.3 -2351.3 -13.7 13 0 12.3 6.9 7.5 2.5 2 0 3 0 0
6199.3 -3442.6 -0.4 2 0 9.8 12.0 5.0 2.5 2 1 2 1 1
5471.9 -2762.3 -9.7 277 0 12.4 10.8 2.5 2.5 2 0 1 1 1
5400.2 -3068.4 -16.5 181 0 12.6 11.1 2.5 2.5 2 0 1 4 4
6395.8 -1921.0 -2.7 97 0 6.0 6.9 5.0 2.5 2 1 2 3 3
6236.3 -3299.9 2.7 270 0 6.3 8.5 7.5 2.5 2 1 3 4 4
5690.2 -3509.3 -13.5 14 0 9.3 4.9 5.0 0.0 0 0 2 5 5
6076.6 -1928.7 -8.7 287 0 8.2 13.0 7.5 2.5 2 1 3 0 0
5604.4 -2330.1 -13.9 293 0 5.4 7.9 7.5 2.5 2 1 3 0 0
5931.9 -1989.7 -12.1 193 0 4.1 8.4 5.0 2.5 2 1 2 1 1
6013.4 -1928.3 -10.6 354 0 11.5 23.3 7.5 2.5 2 1 3 4 4
6028.9 -1872.0 -9.7 268 0 4.9 7.2 5.0 2.5 4 1 2 2 2
6078.4 -2180.0 -6.9 266 0 8.7 8.1 7.5 0.0 0 0 3 2 2
5438.4 -3022.0 -15.2 180 0 7.3 6.3 7.5 2.5 4 0 3 3 3
6113.0 -2042.3 -7.1 101 0 4.9 7.5 5.0 2.5 2 1 2 3 3
5820.8 -2126.6 -14.5 292 0 9.2 11.3 5.0 2.5 2 1 2 5 5
6543.4 -2687.8 2.9 0 0 12.7 18.2 7.5 2.5 2 1 3 1 1
6001.7 -2010.8 -10.4 183 0 5.7 10.2 5.0 2.5 2 1 2 0 0
6208.9 -2020.2 -5.1 4 0 11.4 19.6 5.0 2.5 2 1 2 2 2
5595.5 -3110.1 -10.9 3 0 5.8 7.8 2.5 2.5 4 1 1 5 5
6130.0 -2411.6 -2.6 353 0 9.1 28.8 7.5 2.5 2 1 3 2 2
5979.7 -2111.3 -10.4 180 0 6.2 8.7 2.5 2.5 2 1 1 2 2
5591.4 -2386.2 -13.1 183 0 6.0 5.1 7.5 2.5 4 0 3 5 5
5952.7 -1971.8 -11.8 11 0 5.4 9.8 2.5 2.5 4 1 1 2 2
6018.4 -2161.9 -9.0 82 0 7.6 10.3 7.5 2.5 2 1 3 1 1
5909.1 -2030.7 -12.8 286 0 8.0 10.4 7.5 0.0 0 1 3 4 4
6045.6 -2219.3 -7.7 86 0 10.2 15.2 2.5 2.5 2 1 1 2 2
5504.6 -2790.7 -10.0 11 0 12.3 6.0 2.5 2.5 2 0 1 0 0
5546.1 -2345.3 -13.8 193 0 5.3 6.4 5.0 0.0 0 1 2 5 5
5785.7 -2446.8 -10.9 284 0 7.0 9.0 5.0 0.0 0 1 2 2 2
5611.4 -3530.3 -14.8 279 0 12.0 6.1 7.5 2.5 2 0 3 3 3
5577.0 -3506.5 -15.3 274 0 16.6 15.1 10.0 2.5 2 0 4 0 0
5433.5 -3280.8 -17.5 271 0 8.5 7.9 7.5 2.5 4 0 3 4 4
5952.0 -1979.0 -11.8 9 0 5.8 8.3 5.0 2.5 4 1 2 2 2
6056.0 -2080.9 -8.5 297 0 9.2 7.4 5.0 2.5 2 0 2 1 1
6162.1 -2012.9 -6.3 3 0 9.3 11.1 2.5 2.5 4 1 1 1 1
5554.9 -2339.3 -13.8 196 0 6.9 5.7 5.0 2.5 2 0 2 2 2
6035.6 -1871.5 -9.5 265 0 6.8 7.4 5.0 2.5 2 1 2 3 3
5422.6 -2787.3 -10.4 103 0 11.3 7.8 7.5 2.5 2 0 3 5 5
6113.5 -2032.8 -7.2 101 0 5.1 10.2 5.0 2.5 2 1 2 1 1
5827.4 -2156.3 -13.8 288 0 4.2 10.7 5.0 2.5 2 1 2 0 0
5649.2 -2445.1 -12.7 108 0 6.1 19.7 7.5 2.5 2 1 3 5 5
5667.9 -3549.4 -13.8 3 0 12.0 3.4 5.0 0.0 0 0 2 3 3
5973.6 -2212.3 -9.6 179 0 10.4 7.2 7.5 2.5 2 0 3 4 4
5488.5 -3415.0 -16.8 359 0 13.2 11.6 2.5 2.5 2 0 1 5 5
5867.3 -2107.5 -13.7 179 0 5.6 13.0 2.5 2.5 2 1 1 4 4
6019.8 -2091.1 -9.5 271 0 7.8 9.5 5.0 0.0 0 1 2 5 5
5600.9 -2374.0 -13.3 13 0 5.7 8.1 7.5 2.5 2 1 3 5 5
5428.4 -3383.3 -17.6 89 0 6.4 10.2 7.5 2.5 2 1 3 1 1
5958.3 -1961.9 -11.8 18 0 14.0 14.3 5.0 2.5 2 1 2 3 3
6346.2 -2868.7 5.0 10 0 9.6 6.4 5.0 2.5 2 0 2 1 1
5922.4 -2034.0 -12.5 282 0 12.5 6.9 5.0 2.5 2 0 2 4 4
5841.5 -2373.1 -11.4 101 0 26.3 31.8 10.0 0.0 0 1 4 1 1
5467.3 -3086.3 -14.9 6 0 5.7 7.1 7.5 2.5 2 1 3 3 3
5930.2 -2238.6 -10.6 282 0 17.6 22.2 10.0 2.5 2 1 4 2 2
6155.6 -2058.1 -5.8 88 0 9.8 4.3 7.5 2.5 2 0 3 4 4
5894.8 -2172.8 -12.3 185 0 5.2 7.0 7.5 2.5 2 1 3 2 2
6010.6 -1915.2 -10.2 358 0 8.1 4.9 5.0 2.5 2 0 2 3 3
6114.1 -2011.9 -7.5 99 0 4.9 17.0 7.5 2.5 2 1 3 4 4
6237.7 -2030.0 -3.5 188 0 11.9 7.7 2.5 2.5 2 0 1 1 1
5674.6 -3439.2 -13.2 273 0 8.3 16.6 7.5 2.5 2 1 3 1 1
5588.2 -3059.1 -11.1 6 0 13.4 8.3 5.0 2.5 2 0 2 5 5
5942.0 -2020.6 -12.0 96 0 10.3 8.1 2.5 2.5 2 0 1 1 1
6082.6 -1859.2 -8.5 94 0 13.1 5.4 5.0 2.5 2 0 2 4 4
5434.2 -3190.7 -16.0 92 0 6.2 5.0 2.5 2.5 2 0 1 4 4
6063.5 -2336.6 -2.9 174 0 18.1 8.4 5.0 2.5 2 0 2 5 5
5884.5 -2167.1 -12.9 105 0 17.3 18.0 10.0 2.5 2 1 4 1 1
5981.7 -2239.8 -9.0 98 0 11.0 8.8 5.0 2.5 2 0 2 1 1
5418.4 -3414.4 -17.7 169 0 5.4 7.8 5.0 2.5 2 1 2 2 2
6675.5 -2106.6 -10.7 353 0 26.8 10.3 10.0 2.5 2 0 4 5 5
5391.2 -3319.4 -18.1 185 0 10.3 7.9 5.0 2.5 2 0 2 5 5
5795.2 -2190.2 -14.4 115 0 8.2 30.2 5.0 2.5 2 1 2 4 4
5881.6 -2114.7 -13.2 181 0 10.5 6.8 7.5 2.5 2 0 3 1 1
5661.7 -2294.5 -14.7 284 0 9.7 13.9 5.0 2.5 2 1 2 3 3
6036.7 -2165.0 -8.2 264 0 4.2 7.5 7.5 2.5 4 1 3 1 1
5523.5 -3512.0 -16.1 269 0 5.4 6.3 5.0 2.5 2 1 2 5 5
6149.5 -2046.0 -6.3 90 0 16.9 11.1 7.5 2.5 2 0 3 4 4
5998.3 -2149.6 -9.7 78 0 7.1 8.9 5.0 2.5 4 1 2 1 1
6018.2 -2167.1 -8.8 260 0 11.6 12.4 2.5 2.5 4 1 1 2 2
5409.6 -3135.7 -16.7 183 0 11.7 5.6 7.5 2.5 2 0 3 0 0
6058.7 -2318.6 -3.6 171 0 15.7 8.7 5.0 2.5 2 0 2 4 4
5906.6 -2049.5 -12.9 285 0 8.5 11.5 2.5 2.5 2 1 1 4 4
5957.8 -2366.7 -7.1 182 0 7.6 17.2 5.0 2.5 2 1 2 5 5
5787.9 -3593.4 -11.8 193 0 11.7 11.4 7.5 2.5 2 0 3 0 0
6197.6 -2989.0 3.2 9 0 15.1 12.8 10.0 0.0 0 0 4 1 1
5491.8 -3547.5 -16.6 177 0 8.9 7.7 7.5 2.5 4 0 3 2 2
5980.5 -2030.8 -11.0 203 0 5.8 11.8 7.5 2.5 4 1 3 1 1
6611.1 -2072.6 -10.0 208 0 9.1 8.0 5.0 2.5 2 0 2 5 5
6035.8 -1924.3 -9.6 280 0 5.7 12.4 7.5 2.5 2 1 3 0 0
5500.4 -3247.7 -14.5 185 0 8.7 13.3 7.5 2.5 2 1 3 2 2
5685.2 -3493.7 -13.7 9 0 12.2 12.3 2.5 2.5 2 1 1 3 3
5611.8 -2348.0 -13.7 14 0 8.5 11.2 5.0 2.5 4 1 2 3 3
6193.7 -3417.2 -0.4 271 0 13.5 17.2 7.5 0.0 0 1 3 2 2
6061.0 -1984.7 -9.0 204 0 6.2 7.9 5.0 2.5 4 1 2 3 3
5541.1 -3008.4 -12.4 271 0 15.3 15.3 5.0 2.5 2 1 2 5 5
6347.8 -2227.9 -1.6 90 0 19.2 17.4 7.5 2.5 2 0 3 5 5
5959.1 -2219.9 -9.9 179 0 8.4 7.4 7.5 2.5 4 0 3 5 5
5986.1 -2005.7 -11.1 8 0 6.2 12.8 5.0 2.5 2 1 2 2 2
5937.8 -2150.8 -11.4 3 0 6.5 6.1 7.5 2.5 4 0 3 1 1
5955.8 -2384.8 -6.9 187 0 10.2 18.0 10.0 2.5 2 1 4 1 1
5574.7 -3547.0 -15.4 92 0 14.8 12.6 10.0 2.5 2 0 4 0 0
5926.6 -2137.8 -11.9 0 0 9.5 8.5 2.5 2.5 2 0 1 1 1
6189.0 -2131.5 -4.7 9 0 13.9 12.0 5.0 2.5 2 0 2 1 1
5978.2 -2037.7 -11.0 204 0 5.1 9.1 2.5 2.5 2 1 1 0 0
6019.7 -1975.7 -9.9 194 0 8.5 10.5 2.5 2.5 2 1 1 4 4
6279.4 -2800.8 1.1 197 0 19.8 17.4 12.5 2.5 2 0 5 4 4
5824.9 -3539.2 -9.1 4 0 4.2 8.3 2.5 2.5 2 1 1 2 2
5519.5 -2776.7 -9.5 18 0 8.5 3.9 7.5 2.5 2 0 3 4 4
5413.8 -3397.3 -17.8 171 0 10.3 8.7 7.5 2.5 2 0 3 4 4
5935.1 -2009.9 -12.1 99 0 10.3 4.2 5.0 2.5 2 0 2 4 4
5979.3 -2175.7 -9.9 268 0 13.8 13.9 10.0 2.5 2 1 4 1 1
5603.1 -2357.0 -13.6 359 0 8.1 6.8 2.5 2.5 4 0 1 4 4
5897.7 -2003.1 -12.9 187 0 7.9 5.3 7.5 2.5 2 0 3 1 1
5892.8 -2076.8 -13.1 195 0 9.6 9.8 5.0 2.5 2 1 2 1 1
6032.8 -2081.7 -9.1 281 0 6.7 9.9 2.5 2.5 2 1 1 5 5
5924.7 -2483.5 -6.4 184 0 11.0 9.7 7.5 2.5 2 0 3 0 0
6193.9 -2149.6 -5.9 10 0 15.0 12.8 7.5 2.5 2 0 3 2 2
5395.1 -3374.9 -18.1 178 0 8.0 6.1 5.0 2.5 2 0 2 0 0
5914.0 -2225.2 -11.3 290 0 16.5 15.8 7.5 2.5 2 0 3 5 5
5451.9 -3019.0 -15.1 292 0 5.6 6.2 7.5 2.5 2 1 3 3 3
6187.8 -2174.9 -6.3 100 0 5.8 10.6 7.5 2.5 2 1 3 1 1
5633.5 -2441.8 -12.6 108 0 5.3 21.4 5.0 0.0 0 1 2 4 4
5577.6 -2566.9 -10.5 190 0 6.8 16.0 2.5 2.5 4 1 1 4 4
6276.0 -2176.9 -3.5 274 0 5.7 9.5 7.5 2.5 2 1 3 3 3
5428.5 -3399.2 -17.6 90 0 9.9 13.8 5.0 2.5 2 1 2 5 5
5451.5 -3211.7 -15.6 93 0 6.0 6.3 5.0 0.0 0 1 2 5 5
6401.1 -2044.4 -7.5 2 0 14.2 37.0 10.0 2.5 2 1 4 2 2
5980.7 -2317.5 -7.6 3 0 20.5 13.2 10.0 2.5 2 0 4 1 1
5775.1 -2066.5 -16.5 107 0 41.4 10.0 7.5 2.5 2 0 3 3 3
5618.9 -2363.9 -13.5 11 0 9.7 12.2 7.5 2.5 2 1 3 3 3
5994.3 -1983.0 -10.6 191 0 19.0 22.1 7.5 2.5 2 1 3 3 3
5472.0 -3150.8 -14.8 357 0 10.3 3.2 7.5 2.5 2 0 3 1 1
5431.0 -2753.2 -9.9 282 0 15.4 9.4 5.0 2.5 2 0 2 1 1
5719.6 -2449.1 -11.7 359 0 4.1 8.4 5.0 2.5 2 1 2 1 1
5917.1 -2111.7 -12.4 359 0 8.8 4.6 7.5 2.5 4 0 3 1 1
6048.4 -2065.9 -8.9 87 0 8.0 5.9 7.5 2.5 2 0 3 0 0
5792.3 -3578.5 -11.6 186 0 8.5 11.4 7.5 2.5 2 1 3 3 3
6091.4 -2049.0 -7.8 101 0 5.5 11.2 2.5 2.5 2 1 1 0 0
5911.6 -1958.2 -12.5 196 0 4.5 10.9 7.5 2.5 2 1 3 2 2
5423.8 -2964.2 -14.2 275 0 6.7 4.7 7.5 2.5 2 0 3 3 3
6270.0 -2213.1 -2.1 180 0 10.7 7.7 5.0 2.5 2 0 2 1 1
5966.1 -2134.7 -10.5 181 0 9.5 10.9 7.5 2.5 2 1 3 5 5
6015.8 -1937.7 -10.1 280 0 4.4 12.2 5.0 2.5 2 1 2 5 5
6307.2 -2882.6 3.9 103 0 16.7 14.9 10.0 2.5 2 0 4 1 1
5468.6 -2788.6 -10.1 96 0 13.1 6.6 5.0 2.5 4 0 2 1 1
5439.8 -3209.5 -16.1 92 0 5.8 11.8 7.5 0.0 0 1 3 0 0
5516.9 -3306.3 -16.0 4 0 8.3 8.0 7.5 2.5 2 0 3 1 1
5913.7 -2380.1 -8.7 191 0 10.1 24.8 10.0 2.5 2 1 4 3 3
5498.9 -3491.4 -16.6 273 0 15.3 11.6 10.0 0.0 0 0 4 4 4
5961.2 -2186.2 -10.2 183 0 10.0 9.3 5.0 2.5 2 0 2 3 3
5824.8 -2089.7 -14.7 96 0 13.0 11.8 7.5 2.5 2 0 3 5 5
5840.6 -2232.0 -12.5 191 0 8.0 6.9 5.0 2.5 2 0 2 2 2
5385.5 -3374.5 -18.2 180 0 12.3 7.9 7.5 2.5 2 0 3 3 3
5613.3 -2391.4 -13.1 0 0 10.6 5.7 7.5 2.5 2 0 3 1 1
5505.5 -2993.8 -13.4 273 0 12.6 8.7 5.0 2.5 2 0 2 3 3
6405.1 -2168.2 -3.4 0 0 19.3 10.7 7.5 2.5 2 0 3 3 3
6041.8 -2086.6 -8.9 288 0 9.8 9.8 2.5 2.5 2 0 1 0 0
6413.9 -1923.4 -3.7 99 0 12.2 8.2 7.5 2.5 2 0 3 4 4
6148.0 -1929.6 -7.0 277 0 13.1 10.0 7.5 2.5 2 0 3 5 5
6100.6 -2038.0 -7.6 104 0 7.7 18.6 7.5 0.0 0 1 3 3 3
5718.8 -2383.4 -12.6 193 0 5.7 9.7 7.5 2.5 2 1 3 5 5
5508.6 -3508.5 -16.3 271 0 4.3 7.0 7.5 2.5 2 1 3 2 2
5490.1 -3133.1 -14.2 0 0 7.1 4.5 7.5 2.5 2 0 3 3 3
6063.0 -2149.3 -7.7 78 0 7.4 5.7 5.0 2.5 2 0 2 4 4
6056.7 -2036.8 -8.9 96 0 7.7 5.6 7.5 2.5 2 0 3 5 5
5976.4 -2168.9 -10.1 88 0 9.3 10.3 7.5 2.5 2 1 3 4 4
6114.6 -2210.7 -5.8 91 0 18.5 16.6 12.5 2.5 2 0 5 4 4
5982.1 -1987.6 -11.1 4 0 5.9 9.3 7.5 2.5 2 1 3 4 4
5494.3 -2788.6 -10.0 11 0 12.1 15.3 7.5 2.5 2 1 3 4 4
6516.0 -2758.7 4.3 92 0 17.9 26.8 10.0 2.5 2 1 4 5 5
5422.1 -3085.5 -16.1 190 0 9.3 10.4 7.5 2.5 2 1 3 5 5
6073.4 -2369.8 -2.8 179 0 11.4 20.7 2.5 2.5 2 1 1 0 0
5516.9 -3492.9 -16.3 272 0 15.8 11.2 2.5 2.5 2 0 1 4 4
5808.1 -2087.0 -15.0 97 0 16.9 20.4 12.5 2.5 2 1 5 0 0
5852.4 -2340.3 -11.1 100 0 12.9 7.0 2.5 2.5 2 0 1 3 3
6045.7 -1916.8 -9.3 195 0 5.2 9.7 5.0 2.5 2 1 2 3 3
6332.6 -2813.1 2.6 12 0 16.5 14.0 2.5 2.5 2 0 1 0 0
5613.1 -3523.6 -14.7 280 0 11.3 5.0 5.0 2.5 2 0 2 1 1
6413.0 -1936.7 -4.3 93 0 10.6 8.5 5.0 2.5 2 0 2 4 4
6152.1 -1917.2 -6.9 284 0 14.6 10.3 5.0 2.5 2 0 2 4 4
6096.1 -2015.2 -8.1 19 0 8.5 10.0 5.0 2.5 2 1 2 3 3
5480.5 -2955.1 -13.6 284 0 5.5 9.8 2.5 2.5 2 1 1 5 5
5722.2 -2376.2 -12.7 197 0 7.1 8.1 7.5 0.0 0 1 3 0 0
6532.1 -1524.6 -9.2 104 0 11.0 17.6 7.5 2.5 2 1 3 4 4
5498.8 -2974.1 -13.6 276 0 15.1 10.1 5.0 2.5 2 0 2 3 3
6039.7 -2007.3 -9.5 191 0 5.7 5.7 5.0 2.5 2 1 2 4 4
5907.5 -1991.5 -12.7 189 0 8.7 4.8 7.5 2.5 2 0 3 5 5
5529.2 -3486.9 -16.0 275 0 6.9 4.9 7.5 2.5 2 0 3 0 0
5972.8 -1935.1 -11.1 271 0 4.8 7.7 5.0 2.5 2 1 2 1 1
5830.7 -2272.6 -12.3 195 0 7.3 4.2 5.0 2.5 2 0 2 2 2
6052.5 -2135.0 -8.5 349 0 6.3 16.2 2.5 2.5 4 1 1 3 3
5976.5 -2026.2 -11.4 15 0 24.5 11.8 7.5 2.5 2 0 3 3 3
5957.6 -2165.5 -11.0 6 0 12.9 16.7 5.0 2.5 2 1 2 2 2
5850.2 -2173.5 -13.3 13 0 7.6 10.6 5.0 2.5 2 1 2 2 2
6623.0 -2739.9 2.2 278 0 14.5 22.7 7.5 2.5 2 1 3 3 3
5398.9 -3002.9 -15.2 189 0 15.1 14.1 7.5 2.5 2 0 3 1 1
5509.1 -3283.2 -15.3 184 0 8.1 7.8 7.5 0.0 0 0 3 3 3
5824.3 -2262.7 -12.6 197 0 6.5 6.8 2.5 2.5 2 1 1 2 2
5609.6 -2433.3 -12.6 116 0 5.8 18.7 7.5 2.5 2 1 3 4 4
5962.1 -2073.5 -11.7 6 0 10.6 13.5 5.0 2.5 2 1 2 0 0
6005.1 -1968.8 -10.3 189 0 7.4 7.3 2.5 2.5 4 0 1 5 5
5494.0 -3087.3 -14.1 2 0 4.4 7.6 5.0 0.0 0 1 2 4 4
5614.6 -3516.1 -14.7 287 0 10.4 6.1 2.5 2.5 2 0 1 1 1
6156.9 -1903.0 -6.8 289 0 14.3 12.4 5.0 2.5 2 0 2 3 3
6124.2 -2039.9 -6.9 99 0 5.1 17.8 2.5 0.0 0 1 1 5 5
5691.1 -3528.6 -13.5 8 0 4.6 10.1 5.0 2.5 2 1 2 3 3
5890.1 -2116.4 -12.9 185 0 6.9 12.2 2.5 2.5 4 1 1 0 0
6057.3 -1949.5 -9.0 210 0 9.6 5.9 5.0 2.5 2 0 2 5 5
6548.8 -1511.0 -9.5 285 0 7.3 17.9 5.0 2.5 2 1 2 4 4
5919.3 -2005.0 -12.4 98 0 3.5 13.0 2.5 2.5 2 1 1 0 0
5701.5 -2088.4 -17.6 280 0 38.4 7.1 7.5 2.5 2 0 3 1 1
6017.1 -1914.6 -10.0 273 0 6.7 7.1 7.5 2.5 2 1 3 4 4
6133.2 -2164.0 -5.5 94 0 7.1 16.6 5.0 2.5 2 1 2 5 5
6102.9 -2108.9 -7.1 19 0 18.3 12.2 5.0 2.5 2 0 2 4 4
6197.5 -1937.7 -5.8 6 0 8.1 7.6 7.5 2.5 2 0 3 1 1
5979.5 -1913.8 -11.0 265 0 11.9 7.9 5.0 2.5 4 0 2 3 3
6345.3 -1937.7 -6.1 274 0 39.0 84.4 10.0 0.0 0 1 4 3 3
6599.8 -2773.5 2.9 92 0 16.9 21.1 15.0 0.0 0 1 6 2 2
6017.4 -2131.5 -9.3 89 0 6.2 17.0 5.0 2.5 2 1 2 3 3
6066.9 -2054.3 -8.6 95 0 16.9 9.8 5.0 2.5 2 0 2 0 0
5675.7 -3532.4 -13.8 13 0 17.6 12.2 5.0 2.5 2 0 2 1 1
5431.5 -3019.9 -15.2 195 0 10.4 5.0 7.5 2.5 2 0 3 3 3
6073.1 -2011.6 -8.6 101 0 4.4 6.9 5.0 2.5 2 1 2 4 4
6087.5 -2448.9 -2.7 171 0 5.2 11.3 5.0 2.5 2 1 2 5 5
6046.4 -2048.3 -9.1 97 0 6.2 9.7 7.5 2.5 2 1 3 1 1
5459.7 -3137.8 -15.3 13 0 6.3 4.9 7.5 2.5 4 0 3 3 3
5949.5 -2210.8 -10.7 8 0 6.1 12.5 5.0 2.5 2 1 2 0 0
5992.8 -2098.3 -10.1 176 0 9.5 5.3 5.0 2.5 2 0 2 2 2
6010.9 -2193.6 -8.7 267 0 10.6 17.9 7.5 2.5 4 1 3 2 2
6372.2 -2140.0 -3.6 271 0 7.7 5.9 5.0 2.5 2 0 2 5 5
6170.0 -1980.6 -7.0 4 0 16.0 31.8 12.5 2.5 2 1 5 5 5
6024.8 -2016.0 -9.9 200 0 6.8 9.1 2.5 2.5 2 1 1 5 5
5596.3 -3096.4 -10.9 3 0 5.3 7.6 7.5 2.5 2 1 3 1 1
5966.1 -2119.5 -10.7 182 0 15.4 11.4 2.5 2.5 2 0 1 5 5
6489.8 -2179.9 -6.2 92 0 12.9 17.7 10.0 2.5 2 1 4 5 5
5945.3 -1937.5 -11.9 288 0 8.0 13.7 2.5 2.5 2 1 1 0 0
5989.1 -2166.7 -9.7 88 0 7.7 10.0 7.5 2.5 2 1 3 0 0
5736.8 -2342.3 -13.1 276 0 6.7 7.3 2.5 2.5 2 1 1 0 0
5992.9 -2173.9 -9.5 266 0 10.4 24.4 7.5 2.5 2 1 3 5 5
6081.9 -2044.5 -8.1 102 0 9.7 8.9 5.0 2.5 2 0 2 3 3
5663.8 -3522.8 -13.9 3 0 5.9 8.7 7.5 2.5 2 1 3 5 5
5722.5 -2403.7 -12.4 8 0 6.0 5.6 7.5 2.5 2 0 3 2 2
6071.2 -2134.3 -7.4 179 0 6.4 5.5 7.5 2.5 2 0 3 0 0
6036.6 -1971.9 -9.6 116 0 4.3 10.5 2.5 2.5 2 1 1 4 4
6684.7 -2061.2 -11.5 359 0 18.9 27.9 10.0 2.5 2 1 4 5 5
5751.6 -2128.6 -16.3 196 0 10.6 11.1 7.5 2.5 2 1 3 3 3
5763.8 -2098.7 -16.5 287 0 10.8 20.1 7.5 2.5 2 1 3 5 5
6111.1 -2461.1 -2.6 176 0 3.9 15.3 5.0 2.5 4 1 2 4 4
5950.9 -2033.0 -11.7 99 0 6.1 18.0 5.0 2.5 2 1 2 4 4
5987.8 -2154.6 -9.9 85 0 5.7 12.8 7.5 2.5 2 1 3 1 1
6373.3 -2201.0 -2.6 93 0 14.0 21.4 10.0 2.5 2 1 4 3 3
6212.6 -2148.5 -6.2 184 0 26.6 12.8 7.5 2.5 2 0 3 4 4
5714.1 -3451.6 -12.1 8 0 18.3 20.1 10.0 2.5 2 1 4 3 3
6104.2 -1999.3 -8.2 14 0 6.3 15.8 5.0 2.5 2 1 2 0 0
5928.2 -1945.2 -12.1 202 0 4.5 7.8 7.5 2.5 2 1 3 1 1
5703.9 -2620.7 -9.5 104 0 15.7 21.2 15.0 0.0 0 1 6 2 2
5930.2 -1851.8 -12.4 187 0 10.6 21.5 5.0 2.5 2 1 2 4 4
6301.3 -1768.8 -4.3 276 0 6.3 7.7 7.5 2.5 2 1 3 5 5
6188.3 -2291.2 -1.5 276 0 13.2 15.4 5.0 2.5 2 1 2 1 1
6151.5 783.0 -11.8 173 0 6.0 6.0 5.0 2.5 2 0 2 1 1
5908.3 -1819.4 -14.2 11 0 15.1 12.4 7.5 2.5 2 0 3 1 1
6213.0 840.2 -10.3 271 0 12.9 14.5 5.0 2.5 4 1 2 1 1
5956.0 -1625.3 -17.3 190 0 33.7 23.9 12.5 0.0 0 0 5 5 5
5902.6 -1840.5 -14.0 13 0 24.9 14.9 7.5 2.5 2 0 3 0 0
5934.0 -1838.0 -12.6 188 0 4.4 13.1 2.5 2.5 2 1 1 3 3
6247.0 -1782.6 -5.5 184 0 10.1 24.7 10.0 2.5 2 1 4 2 2
5998.6 -1683.6 -14.9 4 0 13.0 9.5 2.5 2.5 2 0 1 2 2
6677.0 -2347.4 -6.1 4 0 7.4 10.9 5.0 2.5 2 1 2 5 5
5883.8 -1671.8 -18.3 99 0 7.1 19.8 2.5 2.5 2 1 1 3 3
6287.4 -1780.5 -4.7 271 0 24.8 7.8 2.5 2.5 2 0 1 2 2
6639.7 -2407.2 -4.8 184 0 9.4 7.8 7.5 2.5 4 0 3 5 5
6241.4 882.5 -9.6 86 0 11.5 5.8 7.5 2.5 2 0 3 1 1
5893.0 -1879.7 -13.2 7 0 12.6 11.9 2.5 0.0 0 0 1 0 0
6365.8 -1659.8 -5.2 278 0 4.9 10.8 5.0 2.5 4 1 2 1 1
6162.9 -2261.6 -3.1 277 0 27.8 7.7 7.5 2.5 2 0 3 1 1
5796.3 -2028.3 -15.6 278 0 9.7 10.9 5.0 2.5 2 1 2 0 0
5860.5 -1797.7 -15.7 281 0 12.5 11.3 7.5 2.5 2 0 3 4 4
5851.0 -2084.0 -14.3 13 0 6.6 8.0 7.5 2.5 2 1 3 2 2
5852.1 -1812.7 -15.4 191 0 5.6 10.3 5.0 2.5 4 1 2 0 0
5997.3 -1599.8 -16.7 266 0 13.3 12.8 5.0 0.0 0 0 2 3 3
5845.8 -1988.4 -14.4 13 0 5.2 7.4 2.5 2.5 2 1 1 3 3
6151.5 773.0 -11.9 170 0 5.1 7.2 7.5 2.5 2 1 3 3 3
5858.6 -2072.4 -14.3 18 0 18.8 11.0 2.5 2.5 2 0 1 4 4
6189.3 914.2 -10.9 95 0 4.3 17.6 7.5 2.5 2 1 3 0 0
6154.0 759.8 -12.2 158 0 9.3 11.1 7.5 2.5 2 1 3 4 4
5856.8 -1968.0 -14.1 5 0 10.2 9.2 7.5 2.5 2 0 3 3 3
6165.4 774.2 -11.5 85 0 5.6 6.5 5.0 2.5 2 1 2 1 1
5947.5 -1522.7 -20.8 3 0 16.6 32.1 12.5 2.5 2 1 5 1 1
5970.2 -1691.2 -15.4 94 0 6.8 10.0 7.5 0.0 0 1 3 4 4
5878.7 -2013.9 -13.9 6 0 13.2 21.9 7.5 2.5 2 1 3 5 5
5937.3 -1589.7 -18.7 8 0 10.3 6.9 5.0 2.5 2 0 2 3 3
5998.5 -2165.9 -9.6 81 0 7.4 13.9 7.5 0.0 0 1 3 3 3
5921.2 -1893.3 -12.3 191 0 18.6 14.6 7.5 2.5 2 0 3 3 3
6377.4 -2294.3 -0.8 274 0 11.0 16.6 2.5 2.5 2 1 1 3 3
5952.7 -1323.1 -21.4 13 0 15.3 13.7 5.0 2.5 2 0 2 0 0
5912.9 -1872.4 -12.9 10 0 11.4 15.4 5.0 2.5 2 1 2 4 4
5845.9 -1994.6 -14.6 11 0 5.5 17.5 5.0 2.5 2 1 2 4 4
6365.7 -2292.2 -0.6 275 0 10.1 16.4 5.0 2.5 2 1 2 0 0
5980.7 -1839.5 -11.8 357 0 5.6 17.9 7.5 2.5 2 1 3 1 1
6282.9 -1853.2 -3.5 97 0 6.4 11.2 2.5 0.0 0 1 1 4 4
6185.0 -2315.0 -1.4 95 0 12.4 6.8 2.5 2.5 2 0 1 2 2
5933.0 -1660.1 -17.3 5 0 11.0 11.7 5.0 2.5 2 1 2 4 4
6216.2 883.9 -10.2 91 0 8.9 11.9 5.0 2.5 2 1 2 5 5
5892.1 -1937.3 -13.2 21 0 7.0 5.9 7.5 2.5 2 0 3 4 4
6039.7 -2243.5 -7.2 255 0 11.0 6.8 7.5 2.5 2 0 3 1 1
5868.2 -2081.8 -13.7 193 0 7.0 10.0 7.5 2.5 2 1 3 0 0
6212.7 -2378.9 -0.9 187 0 14.2 11.3 7.5 2.5 2 0 3 1 1
6133.9 -2361.7 -2.3 1 0 18.3 12.5 7.5 2.5 2 0 3 1 1
5797.5 -1889.6 -15.3 191 0 7.8 12.2 5.0 2.5 2 1 2 0 0
6218.4 806.0 -10.4 347 0 4.8 13.4 5.0 2.5 2 1 2 5 5
5903.2 -1941.9 -13.0 18 0 8.6 9.0 5.0 2.5 2 1 2 2 2
6188.7 876.7 -11.3 273 0 29.3 23.0 10.0 0.0 0 0 4 0 0
6195.6 888.4 -10.8 98 0 6.4 13.9 5.0 2.5 2 1 2 1 1
5874.4 -2028.7 -14.1 18 0 17.3 24.6 10.0 2.5 4 1 4 0 0
6229.1 -2533.2 -2.1 181 0 6.5 18.4 5.0 2.5 2 1 2 5 5
5951.4 -1666.6 -16.2 183 0 4.3 18.3 7.5 2.5 2 1 3 4 4
6020.2 -1629.4 -16.2 3 0 8.0 31.2 7.5 2.5 2 1 3 4 4
6297.0 980.6 -8.2 10 0 9.4 5.8 7.5 2.5 2 0 3 2 2
6064.1 791.2 -14.2 98 0 5.7 10.8 5.0 2.5 2 1 2 2 2
6053.2 888.9 -14.6 270 0 4.9 7.2 2.5 2.5 2 1 1 0 0
6200.6 984.9 -10.5 0 0 8.5 4.8 5.0 2.5 4 0 2 0 0
6051.7 838.0 -14.5 186 0 5.9 7.4 5.0 2.5 2 1 2 0 0
6181.2 891.0 -11.2 96 0 6.8 10.6 2.5 2.5 2 1 1 3 3
6129.8 822.2 -12.5 94 0 8.9 4.8 2.5 2.5 2 0 1 1 1
5985.0 936.5 -16.5 275 0 8.8 24.9 2.5 2.5 2 1 1 1 1
6061.1 879.4 -14.5 271 0 14.2 8.1 2.5 2.5 2 0 1 5 5
6217.7 972.3 -10.2 359 0 6.2 5.2 7.5 2.5 2 0 3 2 2
6214.5 910.5 -10.3 89 0 6.8 7.1 5.0 2.5 2 1 2 4 4
5962.2 909.3 -17.0 186 0 11.5 12.5 7.5 0.0 0 1 3 5 5
6186.6 851.4 -11.0 275 0 4.7 8.7 5.0 2.5 2 1 2 5 5
6192.8 992.8 -10.6 270 0 4.0 11.8 7.5 2.5 2 1 3 5 5
6052.6 957.3 -14.2 183 0 4.9 11.2 7.5 2.5 2 1 3 4 4
5975.7 928.3 -16.6 281 0 4.2 9.8 7.5 2.5 2 1 3 4 4
6010.4 1016.1 -14.7 188 0 10.5 12.2 2.5 0.0 0 1 1 4 4
6047.6 1022.4 -13.9 274 0 8.6 9.2 5.0 2.5 2 1 2 1 1
6138.8 899.4 -12.4 101 0 10.6 15.0 2.5 2.5 4 1 1 3 3
6043.4 1011.6 -14.1 280 0 7.8 5.2 5.0 2.5 2 0 2 5 5
6221.0 953.0 -10.4 357 0 6.8 12.8 7.5 2.5 2 1 3 4 4
6005.3 979.5 -15.2 192 0 7.4 15.4 5.0 2.5 2 1 2 2 2
6049.6 989.7 -14.0 183 0 6.4 12.6 2.5 2.5 2 1 1 0 0
6167.3 854.1 -11.5 272 0 4.7 7.5 5.0 0.0 0 1 2 0 0
6034.3 926.7 -15.4 294 0 6.6 12.3 5.0 2.5 2 1 2 2 2
6282.5 978.1 -8.5 103 0 12.9 3.7 7.5 2.5 2 0 3 2 2
6060.7 903.0 -14.6 270 0 17.9 12.7 5.0 0.0 0 0 2 2 2
6020.4 916.8 -15.5 285 0 4.4 10.9 7.5 2.5 2 1 3 3 3
6082.4 926.9 -13.8 118 0 8.0 5.2 7.5 0.0 0 0 3 0 0
6096.2 873.9 -13.5 282 0 9.0 4.6 7.5 2.5 4 0 3 3 3
6114.6 991.9 -13.0 2 0 12.7 21.5 7.5 2.5 4 1 3 4 4
6119.5 1689.2 -24.7 11 0 18.0 18.3 10.0 0.0 0 1 4 0 0
6469.4 1909.0 -23.0 101 0 5.4 10.1 5.0 2.5 2 1 2 2 2
6139.2 1730.7 -24.6 182 0 10.1 10.9 7.5 2.5 2 1 3 3 3
6464.3 1888.1 -22.9 294 0 7.7 6.4 5.0 2.5 2 0 2 1 1
6276.6 1750.6 -23.7 95 0 9.5 11.5 7.5 0.0 0 1 3 0 0
6101.3 879.4 -13.3 268 0 8.2 4.8 5.0 2.5 2 0 2 5 5
6455.3 1891.5 -23.0 292 0 5.7 9.3 5.0 2.5 2 1 2 2 2
6023.3 991.2 -14.7 103 0 12.3 14.1 2.5 2.5 4 1 1 2 2
6071.5 1752.5 -25.2 270 0 5.6 5.9 5.0 2.5 2 1 2 4 4
6100.3 886.2 -13.6 2 0 5.7 12.0 2.5 2.5 2 1 1 3 3
6003.0 956.9 -15.7 280 0 8.2 14.5 5.0 2.5 2 1 2 4 4
6360.4 1990.0 -24.3 92 0 9.6 15.8 7.5 2.5 2 1 3 1 1
6180.9 1546.2 -22.4 7 0 21.4 14.0 7.5 2.5 2 0 3 5 5
6393.4 1980.7 -24.0 88 0 9.9 8.6 7.5 2.5 2 0 3 1 1
6054.9 1778.6 -25.5 91 0 7.8 6.9 5.0 2.5 4 0 2 4 4
5855.8 -451.3 -23.7 101 0 4.2 7.7 5.0 2.5 4 1 2 0 0
6174.2 1568.0 -23.1 9 0 10.9 12.9 7.5 2.5 2 1 3 0 0
6029.5 765.9 -15.8 110 0 6.5 23.7 7.5 2.5 2 1 3 4 4
6494.8 1873.2 -22.6 289 0 6.9 9.0 7.5 2.5 2 1 3 5 5
6534.8 24.8 -10.8 203 0 4.7 11.0 7.5 2.5 2 1 3 5 5
5799.8 -428.3 -23.6 216 0 7.8 6.7 7.5 2.5 2 0 3 4 4
6008.2 -1957.3 -10.3 96 0 10.6 5.9 2.5 2.5 2 0 1 0 0
6160.1 1579.2 -23.3 284 0 3.6 14.6 2.5 2.5 2 1 1 3 3
6545.3 1838.8 -22.1 292 0 11.2 10.1 7.5 2.5 2 0 3 5 5
6033.7 -1939.6 -9.7 282 0 3.6 10.3 7.5 0.0 0 1 3 5 5
6604.2 0.7 -9.3 198 0 5.1 9.2 5.0 2.5 2 1 2 4 4
6051.1 -1952.4 -9.3 295 0 4.9 9.7 5.0 2.5 2 1 2 5 5
5838.9 -388.5 -23.9 285 0 12.8 12.2 10.0 2.5 2 0 4 2 2
6032.5 1616.8 -24.8 184 0 8.3 7.2 5.0 2.5 2 0 2 3 3
5979.9 -1807.9 -12.6 353 0 22.1 12.8 10.0 2.5 2 0 4 4 4
5928.9 -2085.9 -12.3 19 0 5.4 7.5 7.5 0.0 0 1 3 2 2
6542.1 -112.2 -13.3 111 0 10.3 22.0 7.5 2.5 4 1 3 2 2
6505.4 1848.3 -22.4 115 0 8.9 7.8 2.5 2.5 4 0 1 4 4
6097.5 1702.5 -24.8 273 0 3.7 16.1 7.5 2.5 2 1 3 4 4
6518.0 1851.3 -22.3 293 0 8.5 7.9 2.5 2.5 2 0 1 4 4
6122.8 865.4 -12.8 293 0 4.6 10.7 5.0 2.5 2 1 2 2 2
6447.9 1869.9 -23.0 116 0 8.9 8.5 7.5 2.5 4 0 3 1 1
5936.1 -2060.0 -12.2 294 0 10.7 6.0 5.0 2.5 4 0 2 4 4
6107.9 1660.7 -24.6 98 0 13.1 16.4 10.0 2.5 2 1 4 4 4
6083.6 1775.8 -25.3 93 0 8.0 8.2 7.5 2.5 4 1 3 3 3
6214.1 1858.7 -24.7 88 0 11.3 9.6 5.0 2.5 2 0 2 4 4
6267.9 1813.2 -24.1 99 0 6.9 16.3 7.5 2.5 2 1 3 5 5
6237.7 1875.8 -24.7 7 0 8.9 12.3 5.0 2.5 2 1 2 5 5
6026.5 1991.4 -26.8 189 0 34.6 10.0 7.5 0.0 0 0 3 3 3
6128.5 2045.0 -26.3 7 0 7.3 5.2 5.0 2.5 2 0 2 3 3
6275.1 1893.8 -24.4 358 0 4.5 7.7 2.5 2.5 2 1 1 1 1
6119.3 2105.3 -26.6 197 0 20.1 10.4 2.5 2.5 2 0 1 4 4
6266.4 1958.7 -24.8 270 0 12.6 10.5 7.5 0.0 0 0 3 1 1
6148.2 2022.8 -26.0 105 0 5.1 18.2 2.5 2.5 2 1 1 5 5
6221.6 1989.8 -25.3 272 0 9.2 7.8 7.5 2.5 4 0 3 2 2
6154.8 1995.5 -25.9 276 0 22.0 15.7 10.0 2.5 2 0 4 1 1
6269.9 1983.2 -24.9 278 0 14.1 11.7 2.5 2.5 2 0 1 0 0
6251.1 1921.9 -24.8 1 0 12.7 9.2 2.5 2.5 2 0 1 0 0
6249.3 1874.3 -24.6 8 0 12.3 9.8 7.5 2.5 2 0 3 0 0
6236.3 1928.1 -24.9 270 0 7.2 12.1 7.5 2.5 2 1 3 3 3
6071.6 1988.4 -26.5 13 0 14.9 7.9 5.0 2.5 2 0 2 5 5
6222.9 1817.7 -24.5 93 0 4.5 13.9 5.0 2.5 2 1 2 0 0
6197.3 1967.6 -25.4 272 0 12.0 5.9 7.5 2.5 2 0 3 5 5
6177.7 1965.4 -25.5 270 0 6.5 7.0 7.5 2.5 2 1 3 1 1
6198.9 1932.5 -25.2 268 0 11.2 6.1 7.5 2.5 4 0 3 4 4
6086.0 1988.8 -26.3 8 0 7.4 4.8 5.0 2.5 2 0 2 3 3
6263.0 1996.6 -25.0 103 0 10.0 4.8 5.0 2.5 2 0 2 3 3
6155.3 1916.9 -25.4 182 0 10.7 11.3 2.5 2.5 2 1 1 0 0
6262.9 1821.7 -24.2 99 0 5.8 8.1 7.5 0.0 0 1 3 2 2
6317.0 1984.9 -24.6 93 0 13.1 18.5 5.0 2.5 2 1 2 2 2
6281.0 1991.9 -24.9 109 0 8.2 15.3 7.5 2.5 4 1 3 4 4
6101.4 2036.0 -26.4 202 0 7.1 5.8 2.5 2.5 2 0 1 5 5
6153.7 1961.4 -25.7 181 0 14.2 16.0 7.5 2.5 2 1 3 1 1
6278.8 1858.4 -24.2 0 0 5.6 6.6 2.5 0.0 0 1 1 0 0
6192.0 1991.5 -25.5 268 0 8.1 7.3 2.5 2.5 2 0 1 5 5
6247.6 1886.4 -24.6 0 0 5.4 9.2 2.5 0.0 0 1 1 1 1
6216.4 1826.8 -24.6 92 0 6.9 10.8 5.0 2.5 2 1 2 5 5
6045.5 1931.2 -26.4 93 0 19.1 14.9 7.5 2.5 4 0 3 2 2
6296.2 1925.3 -24.4 0 0 15.0 5.8 5.0 2.5 2 0 2 2 2
6162.5 2135.1 -26.5 286 0 14.6 17.3 10.0 2.5 4 1 4 0 0
6232.1 2123.7 -26.0 99 0 7.0 26.4 7.5 2.5 2 1 3 2 2
6123.1 1962.1 -25.9 184 0 13.5 9.6 2.5 2.5 2 0 1 2 2
6232.4 1803.2 -24.3 91 0 8.0 5.1 5.0 2.5 2 0 2 4 4
6148.7 2002.4 -25.9 275 0 8.6 5.1 7.5 2.5 2 0 3 4 4
6170.2 1811.2 -24.9 88 0 14.3 10.2 2.5 2.5 2 0 1 2 2
6218.0 1949.2 -25.1 270 0 9.7 7.4 5.0 2.5 2 0 2 0 0
6221.8 1846.5 -24.6 88 0 3.8 10.8 7.5 0.0 0 1 3 0 0
6223.6 2045.5 -25.6 4 0 11.4 5.3 5.0 2.5 2 0 2 5 5
6234.3 1950.5 -25.0 264 0 12.5 8.9 2.5 2.5 2 0 1 2 2
6116.6 2021.7 -26.3 22 0 8.9 10.5 5.0 2.5 2 1 2 2 2
6176.2 1941.8 -25.4 273 0 8.4 24.2 5.0 2.5 2 1 2 3 3
6178.2 1996.4 -25.6 274 0 5.9 15.0 5.0 2.5 2 1 2 5 5
6243.2 1849.7 -24.4 90 0 5.1 6.7 5.0 2.5 2 1 2 4 4
6213.1 1816.6 -24.5 92 0 12.6 9.2 7.5 2.5 2 0 3 4 4
6083.1 1980.2 -26.4 11 0 7.7 11.5 5.0 2.5 2 1 2 0 0
6246.9 1897.4 -24.7 5 0 5.9 12.5 7.5 0.0 0 1 3 1 1
6188.3 1942.4 -25.3 273 0 5.7 8.9 7.5 2.5 2 1 3 1 1
6087.1 1946.4 -26.2 12 0 22.8 9.2 5.0 2.5 2 0 2 2 2
6276.4 2008.6 -25.0 284 0 5.5 13.9 5.0 2.5 2 1 2 2 2
6274.8 1833.5 -24.1 1 0 5.2 8.1 7.5 2.5 2 1 3 5 5
6127.9 1880.8 -25.4 178 0 7.4 10.5 2.5 2.5 2 1 1 3 3
6138.1 1958.6 -25.8 180 0 8.5 9.1 7.5 2.5 2 1 3 3 3
6077.7 1969.0 -26.4 12 0 13.0 18.8 2.5 2.5 2 1 1 0 0
6287.8 1991.8 -24.8 189 0 4.9 12.9 7.5 2.5 2 1 3 5 5
6233.2 1809.6 -24.3 94 0 6.6 5.2 7.5 2.5 2 0 3 1 1
6154.7 2094.1 -26.5 12 0 13.7 17.4 10.0 2.5 2 1 4 3 3
6179.1 1896.7 -25.2 179 0 16.3 6.6 5.0 2.5 2 0 2 1 1
6229.5 2110.2 -25.8 281 0 7.2 45.5 7.5 2.5 2 1 3 5 5
6094.7 1979.2 -26.3 2 0 5.4 8.7 5.0 2.5 2 1 2 3 3
6038.6 1924.0 -26.3 182 0 9.6 5.9 7.5 2.5 2 0 3 4 4
6164.0 1897.5 -25.3 175 0 20.2 10.9 2.5 2.5 2 0 1 2 2
5916.1 -2047.9 -12.7 288 0 5.0 15.4 7.5 2.5 2 1 3 3 3
5900.8 -2136.1 -12.4 187 0 7.5 12.5 2.5 2.5 2 1 1 3 3
5980.9 -2130.8 -10.2 174 0 15.5 16.9 10.0 2.5 2 1 4 5 5
6677.8 -2463.7 -4.3 10 0 25.4 22.5 12.5 2.5 4 0 5 0 0
6328.4 -2833.9 2.7 11 0 13.3 25.3 12.5 2.5 2 1 5 4 4
6147.8 -3360.1 0.7 97 0 15.1 10.0 5.0 2.5 2 0 2 2 2
6142.4 -2016.9 -6.7 92 0 13.9 7.4 2.5 2.5 4 0 1 4 4
6275.2 -2257.5 -0.5 90 0 5.6 15.4 5.0 2.5 2 1 2 5 5
6129.6 -1751.9 -10.0 88 0 13.8 19.4 7.5 2.5 2 1 3 5 5
6099.9 -3524.5 -2.1 98 0 13.5 11.9 7.5 2.5 2 0 3 2 2
6591.4 -3288.7 7.9 87 0 10.6 9.4 5.0 2.5 2 0 2 4 4
6069.7 -3513.9 -2.6 189 0 12.6 10.4 2.5 2.5 2 0 1 4 4
6081.6 -3515.4 -2.4 188 0 12.5 11.2 7.5 2.5 2 0 3 0 0
6317.2 -2216.6 -1.1 270 0 11.7 9.6 7.5 2.5 2 0 3 1 1
6231.0 -2339.4 -0.5 2 0 13.0 9.2 5.0 2.5 2 0 2 4 4
6085.2 -1846.0 -8.4 277 0 9.9 6.5 2.5 2.5 2 0 1 5 5
6190.8 -2272.5 -1.8 275 0 11.9 14.4 5.0 2.5 4 1 2 2 2
2827.3 -5618.1 19.1 357 0 16.7 21.2 10.0 0.0 0 1 4 2 2
2907.8 -5565.4 17.6 225 0 5.6 10.0 2.5 2.5 2 1 1 0 0
2938.7 -5595.4 17.0 44 0 5.1 8.8 2.5 0.0 0 1 1 1 1
3078.6 -5721.5 13.1 0 0 13.4 35.3 10.0 2.5 2 1 4 2 2
3076.9 -5475.9 14.0 180 0 12.5 28.0 7.5 2.5 4 1 3 0 0
2747.7 -5490.5 19.5 270 0 11.5 18.7 5.0 2.5 2 1 2 2 2
3609.2 -5081.2 4.2 187 0 96.0 71.0 12.5 0.0 0 0 5 3 3
-974.9 -6706.7 9.7 9 0 29.6 20.9 7.5 0.0 0 0 3 5 5
427.2 -5325.8 5.8 358 0 32.7 10.5 12.5 2.5 2 0 5 4 4
425.0 -5254.6 5.1 357 0 42.9 14.3 15.0 2.5 2 0 6 1 1
35.8 -5213.5 9.4 268 0 87.6 217.7 12.5 0.0 0 1 5 4 4
367.0 -5267.8 6.4 358 0 140.9 73.6 10.0 0.0 0 0 4 4 4
143.1 -5426.7 8.7 178 0 72.3 29.9 12.5 0.0 0 0 5 3 3
459.7 -4990.0 2.8 98 0 17.0 38.6 12.5 2.5 2 1 5 1 1
302.2 -5033.0 4.1 281 0 26.7 37.2 7.5 0.0 0 1 3 4 4
442.9 -5322.9 2.8 177 0 30.3 67.8 10.0 0.0 0 1 4 0 0
-6845.2 2354.0 -9.2 351 0 16.4 13.1 10.5 3.5 4 0 3 2 2
-6863.6 2360.5 -9.4 98 0 13.8 14.2 14.0 3.5 2 1 4 5 5
-6638.6 1943.1 -17.0 111 0 25.8 7.1 5.0 2.5 2 0 2 2 2
-6461.2 2362.9 -8.5 290 0 25.6 30.0 10.5 0.0 0 1 3 5 5
-6439.4 2770.7 -0.7 323 0 3.8 8.7 10.5 3.5 2 1 3 0 0
1475.7 -5681.0 -4.4 182 0 11.7 18.8 7.5 2.5 2 1 3 2 2
1500.4 -5731.4 -2.9 7 0 25.4 19.5 12.5 2.5 2 0 5 3 3
-857.3 1283.9 -8.2 90 0 17.0 5.8 5.0 2.5 2 0 2 0 0
-674.0 1324.2 -10.6 0 0 40.4 36.1 10.0 0.0 0 0 4 3 3
-652.0 1466.4 -10.2 180 0 27.6 28.3 7.5 0.0 0 1 3 1 1
3071.9 -5548.5 14.2 89 0 5.0 8.7 7.5 2.5 2 1 3 2 2
3083.2 -5503.8 14.1 272 0 9.6 18.1 7.5 2.5 4 1 3 3 3
3082.9 -5569.0 13.7 270 0 10.0 18.6 5.0 2.5 2 1 2 2 2
3024.7 -5495.0 15.4 182 0 9.3 12.8 5.0 2.5 2 1 2 1 1
3043.3 -5617.3 14.4 91 0 12.5 9.4 5.0 2.5 2 0 2 4 4
3055.3 -5617.4 14.1 92 0 11.6 9.2 5.0 2.5 2 0 2 2 2
3065.7 -5617.4 13.9 89 0 9.3 9.0 5.0 2.5 2 0 2 1 1
3082.5 -5606.5 13.6 90 0 10.0 18.6 2.5 2.5 2 1 1 0 0
3099.4 -5496.4 14.0 2 0 9.4 11.8 5.0 2.5 2 1 2 2 2
3074.9 -5491.3 14.5 273 0 6.5 9.5 7.5 2.5 2 1 3 0 0
3108.0 -5611.8 13.1 358 0 11.3 8.4 2.5 2.5 2 0 1 1 1
3080.3 -5617.6 13.6 89 0 5.4 9.2 2.5 2.5 2 1 1 0 0
3080.6 -5491.1 14.4 273 0 4.5 9.7 5.0 0.0 0 1 2 3 3
3109.1 -5502.0 13.7 0 0 20.9 9.5 7.5 2.5 2 0 3 4 4
3108.7 -5565.9 13.3 0 0 6.3 10.0 2.5 2.5 2 1 1 0 0
3099.0 -5522.1 13.7 360 0 36.3 12.0 5.0 2.5 2 0 2 3 3
3108.7 -5544.0 13.5 359 0 7.3 13.2 5.0 2.5 4 1 2 4 4
3108.9 -5526.6 13.5 1 0 27.8 10.0 7.5 2.5 2 0 3 1 1
3108.6 -5587.7 13.1 0 0 37.7 20.9 10.0 0.0 0 0 4 1 1
6410.0 1791.7 -22.9 288 0 13.5 14.3 7.5 0.0 0 1 3 2 2
6433.2 1733.4 -22.4 20 0 15.1 14.8 7.5 2.5 2 0 3 3 3
6440.6 1604.7 -18.3 96 0 12.7 12.3 7.5 2.5 2 0 3 5 5
6429.7 1633.4 -19.0 280 0 9.3 14.0 5.0 2.5 4 1 2 4 4
6432.4 1563.0 -17.0 278 0 12.2 15.9 10.0 2.5 2 1 4 2 2
6455.3 1530.8 -15.8 97 0 13.5 11.7 5.0 2.5 2 0 2 2 2
6396.1 1547.9 -17.3 185 0 11.8 12.2 7.5 2.5 2 1 3 1 1
-4413.5 155.6 -9.4 287 0 10.4 22.4 5.0 2.5 2 1 2 0 0
-4484.0 186.0 -10.2 133 0 16.6 15.2 10.0 2.5 4 0 4 4 4
-4469.6 210.0 -10.1 230 0 6.1 10.8 2.5 2.5 2 1 1 5 5
2069.2 -5932.6 9.5 206 0 69.8 72.6 12.5 0.0 0 1 5 1 1
2443.4 -6305.7 7.4 182 0 31.4 10.3 10.0 2.5 2 0 4 1 1
2455.9 -6342.5 6.4 3 0 12.8 27.3 10.0 2.5 2 1 4 5 5
-912.0 2050.7 -3.8 270 0 26.6 22.8 12.5 2.5 2 0 5 0 0
-854.5 1959.3 -4.8 270 0 30.1 13.3 7.5 0.0 0 0 3 3 3
2687.2 -6301.3 8.7 183 0 25.4 18.3 12.5 2.5 2 0 5 3 3
-6236.5 2563.0 -3.0 43 0 7.4 12.5 5.0 2.5 2 1 2 5 5
3264.3 -6763.4 12.7 127 0 18.3 25.9 12.5 2.5 2 1 5 4 4
