-1279.6 6168.7 -2.7 10 0 11.8 16.1 5.0 2.5 2 1 2 2 2
-1399.5 6120.6 -2.4 11 0 7.9 15.4 2.5 0.0 0 1 1 2 2
-1397.0 6162.9 -2.5 280 0 17.8 10.4 2.5 2.5 2 0 1 3 3
-1392.6 6178.8 -2.6 282 0 14.4 14.6 2.5 2.5 2 1 1 3 3
-1382.6 6125.3 -2.5 101 0 8.6 15.5 5.0 2.5 2 1 2 4 4
-1344.5 6105.7 -2.5 102 0 13.3 10.6 5.0 2.5 2 0 2 5 5
-1329.6 6102.6 -2.5 101 0 9.6 22.8 2.5 2.5 2 1 1 5 5
-1338.6 6131.9 -2.6 100 0 17.7 13.3 2.5 2.5 2 0 1 4 4
-1344.1 6156.6 -2.6 193 0 6.9 18.6 2.5 2.5 2 1 1 4 4
-1291.1 6131.1 -2.6 9 0 14.6 10.2 2.5 2.5 2 0 1 1 1
-1307.6 6096.3 -2.5 101 0 6.9 13.7 5.0 2.5 2 1 2 3 3
-1276.7 6181.1 -2.6 10 0 9.3 10.6 5.0 2.5 2 1 2 1 1
-1278.8 6199.2 -2.6 11 0 10.1 14.1 5.0 2.5 2 1 2 2 2
-1277.9 6209.4 -2.6 11 0 7.2 10.7 2.5 2.5 2 1 1 3 3
-1272.5 6226.3 -2.8 11 0 7.2 10.7 7.5 2.5 2 1 3 3 3
-1271.5 6235.7 -2.9 12 0 8.7 12.7 2.5 0.0 0 1 1 0 0
-1269.7 6244.4 -2.9 14 0 7.9 11.9 5.0 0.0 0 1 2 3 3
-1425.1 6138.5 -2.4 104 0 11.0 11.0 5.0 2.5 2 0 2 2 2
-1417.7 6170.5 -2.5 284 0 11.0 11.0 7.5 2.5 2 0 3 5 5
-1435.6 6164.8 -2.5 105 0 13.2 11.6 5.0 2.5 2 0 2 5 5
-1424.5 6180.8 -2.6 15 0 11.6 13.2 2.5 2.5 2 1 1 3 3
-1405.5 6196.3 -2.6 10 0 8.8 14.1 7.5 2.5 2 1 3 5 5
-1403.3 6212.3 -2.7 12 0 19.4 14.8 10.0 2.5 2 0 4 1 1
-1398.1 6229.9 -2.8 11 0 14.0 15.8 5.0 2.5 2 1 2 3 3
-1417.9 6265.2 -2.9 194 0 7.6 11.7 2.5 2.5 2 1 1 1 1
-1415.9 6274.4 -2.9 194 0 7.6 11.7 5.0 2.5 4 1 2 4 4
-1411.7 6301.4 -3.0 194 0 7.6 11.7 2.5 0.0 0 1 1 4 4
-1394.2 6250.4 -2.9 14 0 8.0 13.8 5.0 2.5 2 1 2 0 0
-1480.7 6176.2 -2.5 189 0 11.6 14.3 5.0 2.5 2 1 2 3 3
-1457.5 6166.9 -2.5 99 0 14.3 11.6 5.0 0.0 0 0 2 4 4
-1461.4 6188.0 -2.5 189 0 11.6 14.3 5.0 2.5 2 1 2 4 4
-1471.5 6222.7 -2.6 280 0 9.3 16.8 5.0 2.5 2 1 2 5 5
-1469.7 6238.5 -2.7 280 0 11.8 14.8 7.5 2.5 4 1 3 0 0
-1453.6 6001.3 -1.9 102 0 11.9 12.5 5.0 0.0 0 1 2 0 0
-1444.2 6016.1 -1.9 11 0 5.9 10.9 5.0 0.0 0 1 2 5 5
-1452.8 6039.1 -2.0 194 0 7.3 14.2 5.0 2.5 4 1 2 3 3
-1451.1 6047.8 -2.0 194 0 7.3 14.2 5.0 0.0 0 1 2 1 1
-1441.1 6103.8 -2.3 195 0 11.7 8.1 7.5 2.5 2 0 3 3 3
-1431.8 6101.9 -2.3 195 0 11.7 8.1 2.5 2.5 2 0 1 1 1
-804.8 6651.1 3.1 100 0 15.6 40.1 14.0 3.5 2 1 4 0 0
-764.0 6668.4 3.2 10 0 44.8 23.6 14.0 0.0 0 0 4 2 2
-912.0 6720.6 2.7 278 0 32.3 22.2 14.0 0.0 0 0 4 3 3
-878.6 6707.4 2.3 279 0 24.1 51.7 14.0 0.0 0 1 4 2 2
-1623.7 6000.4 -1.3 10 0 12.0 33.4 14.0 3.5 4 1 4 1 1
-1698.9 6086.8 -1.9 103 0 17.6 33.3 17.5 3.5 2 1 5 3 3
-1736.2 6120.8 -1.9 192 0 43.6 21.0 17.5 3.5 2 0 5 2 2
-1622.5 6217.3 -2.4 279 0 11.2 24.8 21.0 0.0 0 1 6 2 2
-1597.4 6171.7 -2.3 6 0 20.0 39.1 21.0 0.0 0 1 6 3 3
-1627.5 6322.0 -3.4 97 0 23.0 29.2 7.5 0.0 0 1 3 2 2
-1662.7 6429.3 -4.4 191 0 20.2 32.8 17.5 0.0 0 1 5 3 3
-1823.0 6466.3 -5.4 104 0 19.8 11.0 17.5 3.5 2 0 5 2 2
-1869.3 6515.0 -6.4 91 0 8.3 18.0 10.5 3.5 2 1 3 0 0
-1898.0 6520.9 -6.7 105 0 10.8 23.0 17.5 0.0 0 1 5 3 3
-1957.6 6532.5 -7.0 198 0 7.5 10.4 10.5 3.5 2 1 3 0 0
-1885.8 6494.1 -6.3 13 0 11.1 21.3 17.5 3.5 2 1 5 5 5
-1519.9 6684.0 -2.0 273 0 8.9 16.5 10.5 3.5 2 1 3 4 4
-1522.3 6665.2 -2.3 273 0 9.6 18.1 10.5 3.5 2 1 3 0 0
-1506.9 6663.6 -2.0 274 0 11.9 16.4 17.5 3.5 2 1 5 2 2
-1505.9 6683.2 -1.7 271 0 9.5 14.1 10.5 0.0 0 1 3 1 1
-1491.8 6682.3 -1.4 273 0 10.1 14.7 17.5 3.5 2 1 5 5 5
-1478.5 6682.3 -1.2 271 0 9.6 14.5 10.5 3.5 2 1 3 0 0
-1473.7 6652.7 -1.5 3 0 15.1 11.5 17.5 3.5 2 0 5 5 5
-1584.1 6737.0 -2.4 275 0 7.3 17.6 10.5 3.5 2 1 3 0 0
-1572.3 6701.9 -2.4 93 0 14.3 17.0 14.0 3.5 2 1 4 0 0
-1531.8 6699.5 -1.8 96 0 9.1 13.3 10.5 3.5 2 1 3 1 1
-1531.5 6734.9 -1.7 273 0 10.6 18.9 14.0 3.5 2 1 4 1 1
-1517.0 6734.2 -1.4 274 0 11.6 16.9 14.0 3.5 2 1 4 0 0
-1488.4 6730.7 -0.8 272 0 10.5 15.1 14.0 3.5 4 1 4 4 4
-1476.0 6730.3 -0.5 271 0 9.9 14.1 10.5 3.5 2 1 3 1 1
-1461.9 6730.3 -0.4 272 0 10.5 16.1 14.0 3.5 2 1 4 1 1
-2505.6 6575.7 -10.4 99 0 32.6 19.3 14.0 0.0 0 0 4 1 1
-2446.4 6608.0 -10.7 9 0 27.7 29.9 14.0 0.0 0 1 4 3 3
-2408.1 6666.4 -10.5 7 0 17.9 31.3 14.0 3.5 2 1 4 5 5
-2399.3 6752.2 -9.6 359 0 28.8 31.1 14.0 0.0 0 1 4 0 0
-2526.5 6126.4 -4.3 110 0 7.2 36.9 10.5 3.5 2 1 3 4 4
-2812.4 6215.6 -10.2 201 0 32.3 16.8 14.0 3.5 2 0 4 1 1
-2633.2 6651.0 -10.6 13 0 21.1 21.2 10.5 3.5 2 1 3 3 3
-1928.9 5674.5 -3.6 107 0 15.1 17.3 7.5 2.5 2 1 3 5 5
