-6237.3 -286.7 254.7 147 0 11.6 11.8 7.5 2.5 2 1 3 5 5
6225.1 3447.1 -280.1 85 0 11.6 34.9 10.0 2.5 2 1 4 5 5
-3939.1 -363.6 -230.2 160 0 8.9 20.4 5.0 0.0 0 1 2 2 2
-6367.0 -394.9 268.0 123 0 14.5 28.7 12.5 0.0 0 1 5 4 4
-6316.5 -357.2 280.2 271 0 12.0 10.1 7.5 2.5 2 0 3 1 1
-6530.1 -81.1 243.5 218 0 15.1 34.5 10.0 2.5 2 1 4 4 4
-6545.8 -168.4 258.1 104 0 12.4 48.1 12.5 2.5 2 1 5 0 0
5549.5 2923.1 -248.4 219 0 27.7 30.5 10.0 0.0 0 1 4 5 5
3352.2 3766.0 -263.8 193 0 23.5 12.8 7.5 2.5 2 0 3 2 2
-3698.9 -66.9 -235.3 256 0 32.2 78.5 10.0 0.0 0 1 4 5 5
6819.0 3015.6 -287.7 3 0 8.8 23.9 10.5 3.5 2 1 3 4 4
