-3143.0 -586.0 -12.5 281 0 7.4 10.3 7.5 2.5 2 1 3 4 4
-3510.7 -477.2 -8.1 106 0 13.8 12.4 7.5 2.5 2 0 3 2 2
-3551.3 -392.0 -8.6 197 0 16.4 11.7 5.0 2.5 2 0 2 1 1
-3565.0 -423.8 -7.7 203 0 6.6 12.1 2.5 0.0 0 1 1 5 5
-3159.0 -634.9 -11.1 92 0 7.5 15.7 5.0 2.5 2 1 2 4 4
-3507.2 -461.1 -8.5 102 0 16.3 18.2 10.0 2.5 2 1 4 1 1
-3385.0 -542.1 -9.4 120 0 33.0 5.3 7.5 2.5 2 0 3 3 3
-3144.2 -599.1 -12.0 281 0 9.0 7.5 5.0 2.5 2 0 2 2 2
-3195.2 -660.2 -9.5 100 0 8.1 15.3 7.5 2.5 4 1 3 5 5
-3556.1 -408.0 -8.1 204 0 8.9 10.1 7.5 2.5 4 1 3 5 5
-3576.0 -420.3 -7.4 16 0 8.5 5.5 2.5 2.5 2 0 1 2 2
-3133.9 -574.0 -13.2 281 0 8.7 11.6 5.0 2.5 2 1 2 1 1
-3163.9 -672.1 -10.1 100 0 8.1 24.2 5.0 2.5 2 1 2 1 1
-3531.6 -387.8 -9.0 200 0 15.1 9.2 2.5 2.5 2 0 1 5 5
-3167.4 -605.1 -11.3 281 0 9.4 9.2 5.0 2.5 2 0 2 0 0
-3177.1 -662.8 -10.0 102 0 9.1 20.8 2.5 2.5 2 1 1 5 5
-3543.2 -417.7 -8.2 209 0 8.4 9.6 5.0 2.5 2 1 2 4 4
-3209.1 -652.5 -9.1 116 0 9.3 8.4 7.5 2.5 2 0 3 3 3
-3217.7 -620.1 -9.9 100 0 8.7 6.5 7.5 2.5 2 0 3 4 4
-3310.5 -515.8 -11.5 203 0 7.9 10.3 5.0 2.5 2 1 2 0 0
-3195.1 -637.3 -10.2 99 0 7.6 15.5 7.5 2.5 2 1 3 1 1
-3525.2 -445.3 -8.3 108 0 13.3 16.0 5.0 2.5 2 1 2 4 4
-3551.7 -454.0 -7.6 116 0 7.4 13.1 7.5 2.5 2 1 3 2 2
-3263.5 -600.7 -10.0 109 0 8.9 14.7 7.5 2.5 2 1 3 4 4
-3482.7 -488.5 -8.4 102 0 6.6 13.7 7.5 2.5 2 1 3 1 1
-3484.9 -450.0 -9.0 111 0 13.3 9.0 2.5 2.5 2 0 1 5 5
-3485.6 -469.4 -8.6 106 0 9.6 7.3 7.5 2.5 2 0 3 4 4
-3243.0 -550.7 -11.9 291 0 16.1 20.8 12.5 2.5 2 1 5 0 0
-3145.3 -674.0 -9.9 101 0 6.2 11.1 7.5 2.5 2 1 3 3 3
-3482.4 -427.4 -9.4 195 0 6.2 15.6 5.0 2.5 2 1 2 1 1
-3141.8 -640.5 -11.2 101 0 7.8 13.2 5.0 2.5 2 1 2 2 2
-3322.7 -496.7 -11.7 18 0 37.9 10.1 10.0 2.5 2 0 4 5 5
-3164.2 -586.8 -12.1 278 0 9.6 8.4 7.5 2.5 4 0 3 0 0
-3276.7 -579.1 -10.7 107 0 9.4 14.3 5.0 2.5 2 1 2 1 1
-3567.4 -434.9 -7.6 197 0 10.0 12.8 10.0 2.5 4 1 4 2 2
-3314.8 -432.4 -12.6 286 0 9.4 35.3 7.5 2.5 2 1 3 2 2
-3297.6 -593.0 -9.2 116 0 4.5 7.3 5.0 0.0 0 1 2 1 1
-3171.6 -700.5 -8.3 286 0 9.1 21.9 5.0 0.0 0 1 2 5 5
-3246.4 -932.4 -10.6 183 0 4.7 7.1 5.0 2.5 2 1 2 0 0
-3115.7 -641.6 -11.3 6 0 5.6 8.1 5.0 2.5 2 1 2 5 5
-3247.1 -923.2 -10.5 182 0 8.4 18.7 7.5 2.5 2 1 3 5 5
-3122.3 -612.0 -12.1 282 0 7.4 12.2 5.0 2.5 2 1 2 5 5
-3052.0 -781.5 -11.8 281 0 8.1 18.9 2.5 2.5 2 1 1 5 5
-3208.3 -934.9 -10.1 0 0 8.2 6.0 7.5 2.5 4 0 3 2 2
-3198.9 -705.4 -8.2 195 0 11.6 7.6 2.5 2.5 4 0 1 3 3
-3124.9 -685.7 -9.9 95 0 6.0 6.3 7.5 2.5 2 1 3 0 0
-3192.0 -829.4 -8.6 273 0 7.3 8.2 7.5 0.0 0 1 3 2 2
-3073.7 -672.2 -11.5 1 0 7.6 5.8 2.5 2.5 2 0 1 1 1
-3139.8 -828.9 -8.6 274 0 7.2 9.3 7.5 2.5 2 1 3 1 1
-3096.4 -693.4 -10.7 105 0 10.7 6.0 5.0 0.0 0 0 2 5 5
-3132.1 -782.2 -8.8 273 0 4.2 7.2 5.0 0.0 0 1 2 0 0
-3061.4 -772.3 -11.7 279 0 7.9 9.1 7.5 2.5 2 1 3 2 2
-3234.9 -834.7 -9.3 194 0 7.3 7.8 2.5 2.5 2 1 1 2 2
-3159.6 -824.4 -8.3 88 0 9.6 14.3 5.0 2.5 4 1 2 0 0
-3110.0 -669.4 -10.8 96 0 9.7 7.9 2.5 2.5 2 0 1 5 5
-3130.0 -790.8 -8.9 272 0 8.4 5.4 7.5 2.5 2 0 3 0 0
-3121.1 -665.9 -10.6 97 0 7.4 8.2 5.0 2.5 2 1 2 0 0
-3178.8 -744.0 -8.3 103 0 12.8 8.0 5.0 2.5 4 0 2 3 3
-3138.7 -778.8 -8.7 278 0 5.4 12.6 7.5 2.5 2 1 3 3 3
-3216.8 -822.5 -8.9 91 0 4.3 16.9 5.0 2.5 2 1 2 5 5
-3112.3 -610.3 -12.4 281 0 8.1 16.6 7.5 2.5 2 1 3 3 3
-3077.6 -759.1 -11.1 277 0 7.0 7.5 7.5 2.5 2 1 3 1 1
-3229.0 -937.2 -10.4 179 0 13.2 7.0 5.0 0.0 0 0 2 3 3
-3164.1 -785.5 -8.3 276 0 4.3 16.1 7.5 2.5 2 1 3 3 3
-3225.7 -820.5 -9.0 95 0 10.4 5.1 2.5 2.5 2 0 1 3 3
-3084.1 -676.0 -11.2 5 0 6.4 7.9 2.5 2.5 2 1 1 2 2
-3160.1 -836.6 -8.4 270 0 10.8 18.9 5.0 0.0 0 1 2 4 4
-3139.1 -822.6 -8.6 90 0 6.9 16.0 5.0 2.5 2 1 2 3 3
-3097.2 -679.0 -10.9 101 0 6.6 4.7 5.0 2.5 2 0 2 0 0
-3122.8 -830.6 -9.0 272 0 3.2 11.3 5.0 2.5 2 1 2 3 3
-3227.1 -881.8 -9.8 184 0 14.1 11.5 2.5 2.5 2 0 1 4 4
-3173.0 -820.4 -8.3 93 0 5.5 11.1 7.5 2.5 2 1 3 5 5
-3169.7 -847.3 -8.5 271 0 5.9 7.3 7.5 2.5 2 1 3 5 5
-3148.3 -824.3 -8.5 90 0 7.8 11.3 5.0 2.5 2 1 2 1 1
-3134.1 -686.5 -9.7 95 0 7.5 6.7 2.5 0.0 0 0 1 1 1
-3147.1 -778.3 -8.6 276 0 7.6 11.3 7.5 2.5 2 1 3 3 3
-3117.4 -822.8 -9.3 94 0 3.4 17.8 7.5 2.5 2 1 3 0 0
-3105.5 -986.3 -11.7 7 0 23.7 19.8 7.5 0.0 0 0 3 0 0
-3343.9 -1017.6 -13.3 89 0 8.7 7.3 2.5 2.5 4 0 1 2 2
-3339.5 -980.7 -12.7 179 0 6.2 6.7 5.0 2.5 2 1 2 0 0
-3241.5 -1031.4 -13.2 184 0 17.5 16.9 10.0 2.5 2 0 4 2 2
-3250.6 -1005.8 -12.1 187 0 7.0 5.8 5.0 2.5 2 0 2 2 2
-3205.0 -991.7 -12.0 279 0 16.4 14.3 7.5 2.5 2 0 3 0 0
-3322.1 -1023.0 -13.0 89 0 6.8 15.5 5.0 2.5 2 1 2 0 0
-3292.4 -1006.9 -12.3 113 0 10.7 6.6 5.0 2.5 2 0 2 2 2
-3241.9 -1010.4 -12.4 187 0 17.0 11.9 7.5 2.5 2 0 3 1 1
-3327.3 -782.8 -10.4 2 0 13.5 11.2 5.0 2.5 2 0 2 3 3
-3326.4 -895.3 -11.7 276 0 9.3 13.2 7.5 2.5 2 1 3 1 1
-3258.1 -863.8 -10.2 4 0 7.0 11.0 5.0 2.5 2 1 2 5 5
-3340.8 -932.1 -12.2 181 0 11.0 9.1 7.5 2.5 4 0 3 0 0
-3281.5 -874.8 -10.7 3 0 6.4 11.1 5.0 2.5 2 1 2 4 4
-3264.2 -996.0 -11.9 8 0 17.9 8.9 7.5 2.5 2 0 3 0 0
-3492.0 -653.3 -9.8 98 0 9.8 7.0 5.0 2.5 4 0 2 2 2
-3264.1 -961.9 -11.4 0 0 13.8 7.4 2.5 2.5 2 0 1 4 4
-3512.6 -541.1 -8.5 278 0 6.9 27.5 5.0 2.5 2 1 2 4 4
-3480.7 -560.4 -8.5 274 0 10.8 5.9 7.5 2.5 2 0 3 3 3
-3317.3 -995.7 -12.6 89 0 14.4 14.7 10.0 2.5 2 1 4 5 5
-3514.7 -514.5 -7.8 278 0 17.4 10.2 7.5 2.5 2 0 3 0 0
-3489.8 -633.3 -9.5 98 0 8.0 8.8 2.5 2.5 2 1 1 3 3
-3306.4 -953.8 -12.0 2 0 14.3 5.7 7.5 2.5 2 0 3 5 5
-3335.7 -811.7 -10.7 96 0 8.4 6.3 7.5 0.0 0 0 3 1 1
-3328.1 -974.5 -12.5 177 0 9.6 16.3 7.5 2.5 4 1 3 4 4
-3357.3 -1035.4 -13.9 268 0 9.5 17.8 5.0 2.5 2 1 2 3 3
-3479.1 -543.4 -8.2 277 0 10.6 6.2 7.5 2.5 2 0 3 1 1
-3118.4 -1111.1 -16.7 278 0 10.8 30.8 10.0 2.5 2 1 4 0 0
-3304.8 -935.5 -11.8 358 0 8.9 6.9 7.5 2.5 2 0 3 0 0
-3362.6 -1010.8 -13.5 181 0 10.5 12.5 2.5 2.5 2 1 1 2 2
-3512.6 -529.1 -8.0 279 0 8.0 5.3 2.5 2.5 2 0 1 1 1
-3518.5 -571.2 -8.9 278 0 7.5 28.1 7.5 0.0 0 1 3 1 1
-3478.7 -675.5 -10.3 191 0 13.8 14.0 5.0 2.5 4 1 2 3 3
-3606.5 -492.3 -7.4 193 0 8.4 7.5 2.5 2.5 2 0 1 5 5
-3559.6 -590.5 -8.7 103 0 8.5 24.1 7.5 0.0 0 1 3 4 4
-3617.7 -530.7 -8.1 193 0 7.3 5.9 5.0 2.5 4 0 2 5 5
-3728.4 -394.0 -5.5 272 0 9.5 14.3 5.0 2.5 2 1 2 5 5
-3594.5 -513.6 -7.7 193 0 7.8 5.9 2.5 2.5 2 0 1 4 4
-3694.0 -561.7 -9.1 11 0 11.0 22.3 7.5 2.5 2 1 3 2 2
-3584.3 -480.9 -7.1 283 0 8.5 4.9 7.5 2.5 2 0 3 5 5
-3373.9 -631.7 -8.9 8 0 13.9 9.5 2.5 2.5 4 0 1 2 2
-3472.8 -784.1 -11.9 181 0 14.8 20.0 10.0 2.5 2 1 4 2 2
-3696.4 -587.8 -9.5 11 0 11.5 9.8 5.0 2.5 2 0 2 1 1
-3454.6 -705.7 -10.6 194 0 6.4 10.3 5.0 0.0 0 1 2 0 0
-3356.2 -729.4 -10.0 359 0 7.4 14.1 7.5 2.5 4 1 3 0 0
-3357.9 -631.6 -8.6 4 0 13.3 8.0 7.5 0.0 0 0 3 3 3
-3443.8 -713.3 -10.7 189 0 20.6 12.6 7.5 2.5 2 0 3 4 4
-3750.6 -382.6 -5.1 281 0 7.2 11.9 5.0 2.5 2 1 2 4 4
-3615.1 -483.7 -7.4 193 0 15.9 7.2 2.5 2.5 2 0 1 3 3
-3398.7 -721.7 -10.4 6 0 8.0 13.3 2.5 2.5 2 1 1 1 1
-3603.5 -482.6 -7.2 193 0 6.3 6.6 5.0 2.5 2 1 2 0 0
-3380.9 -766.1 -10.8 3 0 10.6 18.9 5.0 2.5 4 1 2 2 2
-3686.5 -581.8 -9.3 191 0 13.2 6.5 2.5 2.5 2 0 1 0 0
-3561.5 -508.5 -7.6 283 0 10.4 6.7 7.5 2.5 2 0 3 3 3
-3599.7 -555.8 -8.3 103 0 5.9 14.1 7.5 2.5 2 1 3 0 0
-3582.9 -497.4 -7.5 283 0 4.6 13.4 5.0 2.5 2 1 2 2 2
-3648.7 -510.8 -8.0 11 0 14.4 15.7 5.0 2.5 2 1 2 5 5
-3451.7 -691.2 -10.4 191 0 11.7 11.0 10.0 2.5 4 0 4 5 5
-3483.9 -704.8 -10.8 193 0 22.9 23.3 10.0 0.0 0 1 4 4 4
-3364.9 -671.8 -9.3 2 0 24.0 5.3 2.5 2.5 2 0 1 3 3
-3599.4 -566.8 -8.5 101 0 10.8 9.2 7.5 2.5 2 0 3 1 1
-3387.9 -774.6 -11.1 271 0 13.5 18.9 7.5 2.5 2 1 3 0 0
-3252.4 -663.4 -7.9 291 0 13.8 5.2 7.5 2.5 4 0 3 0 0
-3389.2 -811.7 -11.4 94 0 14.2 16.3 7.5 2.5 2 1 3 1 1
-3241.7 -755.7 -8.7 87 0 26.3 13.7 7.5 0.0 0 0 3 1 1
-3362.8 -763.8 -10.8 271 0 16.8 25.8 10.0 2.5 4 1 4 5 5
-3316.9 -777.2 -10.0 203 0 4.6 11.0 7.5 2.5 2 1 3 2 2
-3223.7 -707.3 -8.1 110 0 12.0 10.8 10.0 2.5 2 0 4 0 0
-3263.1 -740.5 -8.8 92 0 21.5 10.2 5.0 0.0 0 0 2 3 3
-3239.5 -698.8 -8.0 113 0 18.7 25.5 10.0 2.5 4 1 4 0 0
-3281.2 -768.7 -9.4 267 0 4.9 7.5 5.0 2.5 2 1 2 2 2
-3275.4 -697.2 -8.6 293 0 12.7 11.0 7.5 2.5 2 0 3 3 3
-3254.6 -669.3 -7.9 291 0 12.0 4.2 2.5 2.5 2 0 1 3 3
-3427.2 -743.6 -11.0 4 0 5.9 8.4 5.0 2.5 2 1 2 3 3
-3436.8 -792.7 -11.7 89 0 8.1 17.7 7.5 2.5 2 1 3 5 5
-3334.3 -858.2 -11.2 186 0 10.4 5.4 2.5 2.5 2 0 1 2 2
-3464.3 -682.5 -10.4 199 0 17.5 12.7 5.0 2.5 2 0 2 0 0
-3312.1 -715.0 -9.3 5 0 9.9 12.2 5.0 0.0 0 1 2 5 5
-3583.4 -595.1 -8.9 110 0 8.5 14.9 5.0 0.0 0 1 2 4 4
-3358.8 -717.5 -9.8 5 0 6.3 12.0 5.0 2.5 2 1 2 3 3
-3405.4 -691.2 -10.0 8 0 9.3 7.7 5.0 2.5 2 0 2 1 1
-3283.7 -805.0 -9.9 287 0 7.1 6.7 7.5 2.5 2 0 3 2 2
-3357.1 -869.4 -11.8 270 0 6.4 7.9 5.0 2.5 2 1 2 3 3
-3102.7 -851.6 -9.9 274 0 10.7 8.5 7.5 2.5 2 0 3 2 2
-3299.3 -718.7 -9.0 201 0 6.5 5.7 2.5 2.5 2 0 1 1 1
-3244.1 -807.3 -9.2 4 0 9.8 4.1 2.5 2.5 2 0 1 3 3
-3292.4 -732.3 -9.1 190 0 13.1 10.6 5.0 2.5 2 0 2 0 0
-3307.1 -796.3 -10.1 193 0 13.7 4.9 5.0 2.5 2 0 2 2 2
-3626.8 -569.2 -8.7 103 0 8.0 15.2 7.5 2.5 2 1 3 3 3
-3363.7 -873.8 -12.0 270 0 4.5 12.1 2.5 2.5 2 1 1 3 3
-3429.5 -563.9 -8.4 6 0 5.8 13.6 5.0 2.5 2 1 2 2 2
-3371.3 -697.3 -9.8 1 0 16.6 12.7 10.0 2.5 2 0 4 1 1
-3560.8 -657.1 -9.8 102 0 11.8 9.2 5.0 2.5 2 0 2 2 2
-3405.6 -759.2 -11.1 3 0 13.7 13.3 5.0 2.5 2 0 2 4 4
-3152.3 -746.9 -8.6 98 0 4.4 11.5 2.5 2.5 2 1 1 0 0
-3477.1 -634.4 -9.5 98 0 7.8 8.5 5.0 2.5 2 1 2 1 1
-3376.2 -671.8 -9.4 1 0 15.8 5.9 7.5 2.5 2 0 3 5 5
-3345.4 -755.2 -10.2 181 0 13.2 9.2 5.0 2.5 2 0 2 5 5
-3604.9 -456.1 -6.9 285 0 8.9 5.0 7.5 2.5 2 0 3 0 0
-3407.0 -956.4 -13.7 356 0 12.0 6.1 5.0 2.5 2 0 2 0 0
-3371.9 -721.0 -10.0 2 0 13.5 6.0 5.0 2.5 2 0 2 5 5
-3315.2 -833.3 -10.6 198 0 7.9 8.1 2.5 0.0 0 1 1 2 2
-3323.9 -760.8 -10.1 0 0 7.8 9.5 5.0 2.5 2 1 2 4 4
-3299.7 -879.7 -11.0 273 0 4.2 9.5 5.0 2.5 2 1 2 3 3
-3252.4 -775.1 -9.0 270 0 8.8 8.3 2.5 0.0 0 0 1 4 4
-3392.5 -886.3 -12.7 360 0 19.6 16.1 10.0 2.5 2 0 4 1 1
-3346.0 -682.8 -9.1 183 0 8.1 16.4 2.5 2.5 2 1 1 4 4
-3249.3 -816.7 -9.5 2 0 10.2 9.4 5.0 2.5 2 0 2 0 0
-3349.2 -892.9 -11.9 179 0 7.3 6.9 7.5 2.5 2 0 3 3 3
-3464.7 -630.2 -9.5 100 0 14.1 18.6 7.5 2.5 2 1 3 4 4
-3441.4 -618.1 -9.3 278 0 9.4 7.9 2.5 2.5 2 0 1 3 3
-3325.6 -875.8 -11.3 183 0 6.1 10.6 7.5 2.5 2 1 3 4 4
-3276.9 -861.7 -10.6 6 0 5.9 18.2 2.5 2.5 2 1 1 5 5
-3336.4 -877.5 -11.6 271 0 9.6 8.1 7.5 2.5 4 0 3 3 3
-3469.5 -592.9 -9.0 280 0 6.7 9.4 5.0 2.5 2 1 2 4 4
-3454.1 -555.2 -8.4 278 0 10.0 6.7 7.5 2.5 2 0 3 1 1
-3188.2 -727.4 -8.2 189 0 12.7 5.1 7.5 2.5 2 0 3 3 3
-3288.3 -791.8 -9.8 282 0 5.1 10.3 7.5 2.5 2 1 3 2 2
-3379.3 -599.4 -8.7 285 0 8.4 21.2 7.5 2.5 4 1 3 0 0
-3390.3 -670.8 -9.7 1 0 13.6 12.5 7.5 2.5 4 0 3 3 3
-3578.8 -571.0 -8.5 109 0 8.1 6.4 7.5 2.5 2 0 3 5 5
-3355.5 -694.5 -9.5 1 0 16.1 8.8 2.5 2.5 2 0 1 0 0
-3541.5 -497.5 -7.5 283 0 9.0 10.7 5.0 2.5 2 1 2 4 4
-3621.8 -511.9 -7.8 190 0 5.9 6.0 7.5 2.5 2 1 3 4 4
-3260.8 -940.2 -11.0 4 0 5.8 5.5 2.5 2.5 4 0 1 4 4
-3379.5 -722.8 -10.1 1 0 10.8 5.2 7.5 2.5 2 0 3 4 4
-3358.7 -948.7 -12.7 181 0 9.7 9.3 7.5 2.5 2 0 3 5 5
-3345.9 -716.7 -9.6 186 0 6.7 15.3 5.0 0.0 0 1 2 4 4
-3479.1 -647.2 -9.7 101 0 8.3 10.1 7.5 2.5 2 1 3 1 1
-3417.1 -1010.2 -14.4 89 0 5.3 11.1 7.5 2.5 2 1 3 0 0
-3418.6 -941.6 -13.6 180 0 16.9 9.3 7.5 2.5 2 0 3 3 3
-3668.9 -560.1 -8.9 189 0 18.1 38.9 7.5 2.5 2 1 3 1 1
-3144.7 -1906.1 -1.2 133 0 6.5 14.3 7.5 2.5 2 1 3 1 1
-3341.3 -618.3 -8.1 194 0 10.5 11.3 5.0 2.5 2 1 2 1 1
-3095.3 -1804.8 -4.7 187 0 13.4 15.2 5.0 2.5 4 1 2 1 1
-3456.9 52.4 -12.1 187 0 15.1 22.0 10.0 2.5 2 1 4 1 1
-3323.2 -626.0 -8.1 285 0 10.5 7.4 5.0 2.5 2 0 2 0 0
-3154.1 -2131.8 -3.7 97 0 14.4 21.5 10.0 2.5 2 1 4 3 3
-3972.3 -615.5 -10.7 97 0 10.5 15.1 2.5 2.5 2 1 1 0 0
-3077.7 -1837.9 -4.0 187 0 21.6 15.3 7.5 2.5 2 0 3 5 5
-3078.1 -1942.8 -1.0 180 0 10.4 7.2 2.5 2.5 2 0 1 3 3
-3289.3 -673.0 -8.3 108 0 11.4 12.6 7.5 2.5 2 1 3 1 1
-2992.7 -1992.1 -2.0 274 0 7.4 9.5 5.0 2.5 2 1 2 5 5
-3845.6 -600.3 -10.7 269 0 11.3 14.9 5.0 2.5 2 1 2 1 1
-3575.7 1.0 -11.3 91 0 10.4 12.3 2.5 2.5 2 1 1 4 4
-3085.9 495.4 -4.1 270 0 11.3 13.9 7.5 2.5 2 1 3 2 2
-3241.1 -707.3 -8.1 291 0 14.9 10.4 2.5 2.5 2 0 1 2 2
-3062.8 -1912.3 -2.0 180 0 8.0 14.9 2.5 0.0 0 1 1 5 5
-3895.0 -231.2 -4.3 290 0 10.0 8.8 5.0 2.5 2 0 2 0 0
-3819.1 -599.1 -10.5 269 0 6.0 11.9 2.5 2.5 4 1 1 0 0
-3053.0 -1986.5 -0.7 274 0 11.3 10.8 5.0 2.5 2 0 2 3 3
-3809.3 -599.5 -10.4 269 0 12.3 9.6 5.0 2.5 2 0 2 4 4
-3255.9 -698.4 -8.3 292 0 14.0 15.6 7.5 2.5 2 1 3 3 3
-3940.6 -838.9 -14.8 89 0 6.5 7.8 7.5 2.5 2 1 3 4 4
-3042.8 -1947.1 -1.8 90 0 7.6 12.7 2.5 2.5 2 1 1 2 2
-3105.7 321.7 -8.3 271 0 13.9 18.2 10.0 2.5 2 1 4 2 2
-3058.5 -2016.5 -0.1 271 0 7.1 12.2 5.0 2.5 2 1 2 4 4
-3011.2 -1893.7 -3.6 277 0 45.0 24.9 10.0 0.0 0 0 4 3 3
-3017.6 -1978.6 -1.8 90 0 7.3 13.3 5.0 0.0 0 1 2 0 0
-3651.9 -857.8 -13.6 280 0 9.1 9.5 7.5 2.5 2 1 3 5 5
-3513.0 -19.7 -12.0 275 0 5.5 12.5 5.0 2.5 4 1 2 4 4
-3527.4 -1003.9 -15.1 90 0 13.1 20.0 10.0 2.5 4 1 4 4 4
-3008.7 -1818.0 -5.3 7 0 23.8 29.9 10.0 0.0 0 1 4 4 4
-3048.7 -2016.5 -0.3 270 0 8.1 11.3 7.5 2.5 2 1 3 3 3
-3486.5 -177.0 -13.1 181 0 5.3 6.1 5.0 2.5 2 1 2 0 0
-3110.4 257.8 -9.5 91 0 9.6 10.8 5.0 2.5 2 1 2 3 3
-3690.4 -426.9 -6.2 284 0 14.2 14.7 2.5 2.5 2 1 1 1 1
-3338.1 -637.6 -8.4 194 0 15.3 4.0 7.5 2.5 2 0 3 1 1
-3879.6 -299.7 -3.5 281 0 12.0 13.3 10.0 2.5 2 1 4 4 4
-3345.0 -671.0 -8.9 180 0 7.0 10.0 7.5 2.5 2 1 3 4 4
-2986.1 -1978.0 -2.5 97 0 8.8 6.1 7.5 2.5 2 0 3 4 4
-3063.1 -1946.9 -1.4 92 0 10.1 15.9 2.5 2.5 2 1 1 0 0
-3143.0 -2016.6 0.3 97 0 16.7 14.8 5.0 0.0 0 0 2 0 0
-3831.6 -601.1 -10.6 269 0 11.8 13.6 10.0 2.5 2 1 4 4 4
-3796.5 -597.9 -10.4 269 0 10.6 16.3 7.5 2.5 2 1 3 0 0
-2806.9 -1687.2 -11.6 116 0 7.0 12.4 5.0 2.5 2 1 2 2 2
-3181.5 -698.6 -8.2 282 0 4.9 10.1 7.5 2.5 2 1 3 4 4
-2988.0 -1948.3 -3.0 97 0 5.1 12.7 7.5 2.5 2 1 3 2 2
-3332.9 -640.8 -8.4 197 0 16.4 9.6 5.0 2.5 2 0 2 3 3
-3440.6 -1059.6 -15.3 87 0 9.1 21.7 7.5 2.5 4 1 3 2 2
-3162.3 -1873.2 -1.8 181 0 9.2 9.1 5.0 2.5 2 0 2 3 3
-3417.3 -1047.5 -15.1 273 0 12.5 18.5 7.5 2.5 2 1 3 5 5
-3083.6 -2015.8 0.1 278 0 11.6 6.9 2.5 2.5 2 0 1 3 3
-3019.9 -2012.5 -1.3 90 0 6.5 14.3 7.5 2.5 2 1 3 4 4
-3304.3 -649.2 -8.2 22 0 7.8 5.1 2.5 2.5 2 0 1 4 4
-3318.9 -647.7 -8.3 18 0 8.7 4.9 7.5 2.5 2 0 3 3 3
-3144.9 -1394.3 -15.8 182 0 7.6 12.7 5.0 2.5 4 1 2 0 0
-3407.4 -1023.4 -14.3 85 0 4.6 10.3 7.5 2.5 2 1 3 1 1
-3657.2 -424.6 -7.0 282 0 14.5 32.4 10.0 2.5 2 1 4 2 2
-3092.1 -1538.8 -12.0 289 0 8.1 27.3 7.5 2.5 2 1 3 3 3
-3258.8 -2639.6 -6.1 0 0 12.2 7.9 5.0 2.5 2 0 2 1 1
-3293.3 -2738.0 -4.4 183 0 13.5 4.8 5.0 2.5 2 0 2 4 4
-3303.6 -2771.2 -3.9 90 0 7.4 12.7 7.5 2.5 2 1 3 4 4
-3228.9 -2603.6 -7.1 95 0 6.6 10.4 7.5 2.5 2 1 3 5 5
-2397.7 -2040.6 -15.6 182 0 4.4 18.5 5.0 2.5 2 1 2 5 5
-3305.8 -2746.2 -4.1 186 0 12.0 7.9 5.0 2.5 2 0 2 3 3
-3313.0 -2707.0 -4.3 180 0 8.5 7.5 5.0 0.0 0 0 2 0 0
-3218.0 -2185.5 -3.9 185 0 12.7 15.3 7.5 2.5 2 1 3 3 3
-3317.7 -2603.1 -5.1 271 0 7.7 10.3 2.5 2.5 2 1 1 2 2
-3156.5 -2172.0 -4.7 271 0 6.0 44.8 7.5 2.5 2 1 3 5 5
-3303.1 -2690.4 -4.7 187 0 11.1 6.6 5.0 2.5 2 0 2 1 1
-3293.8 -2633.2 -5.6 180 0 14.1 11.0 7.5 2.5 2 0 3 0 0
-3261.2 -2654.5 -5.9 0 0 12.8 7.6 7.5 0.0 0 0 3 5 5
-3190.6 -2005.5 -0.4 95 0 8.6 13.9 2.5 2.5 2 1 1 3 3
-3261.8 -2669.0 -5.7 0 0 7.7 8.8 7.5 2.5 2 1 3 2 2
-3292.3 -2595.7 -5.8 272 0 9.9 11.9 5.0 2.5 4 1 2 2 2
-3208.5 -2226.8 -4.1 89 0 6.7 7.2 2.5 2.5 2 1 1 0 0
-2399.7 -1990.3 -16.2 186 0 11.0 9.3 5.0 2.5 2 0 2 2 2
-3263.8 -2727.4 -5.0 0 0 10.3 11.9 5.0 2.5 2 1 2 2 2
-3122.7 -2146.7 -5.3 271 0 23.8 72.9 7.5 0.0 0 1 3 2 2
-3179.3 -2163.1 -4.6 271 0 33.6 55.8 10.0 0.0 0 1 4 2 2
-3043.5 -2658.0 -10.1 282 0 9.4 19.3 5.0 2.5 2 1 2 3 3
-3077.5 -2496.9 -8.2 1 0 10.3 3.2 5.0 0.0 0 0 2 5 5
-3692.5 -2161.9 0.1 6 0 15.8 21.6 10.0 2.5 2 1 4 5 5
-3061.4 -2604.4 -9.3 102 0 5.8 11.3 5.0 2.5 2 1 2 0 0
-3091.3 -2526.9 -8.4 186 0 11.7 12.5 2.5 2.5 4 1 1 1 1
-2949.1 -2569.9 -10.5 11 0 21.0 9.7 5.0 2.5 4 0 2 1 1
-2958.6 -2636.4 -10.9 97 0 6.1 17.3 5.0 2.5 2 1 2 2 2
-2943.4 -2551.3 -10.4 20 0 14.3 11.2 5.0 2.5 2 0 2 5 5
-3026.4 -2687.3 -10.6 283 0 11.5 12.8 10.0 2.5 2 1 4 3 3
-2967.3 -2634.6 -10.8 100 0 7.5 20.0 5.0 2.5 2 1 2 2 2
-3088.7 -2564.6 -8.7 188 0 9.3 7.5 5.0 2.5 4 0 2 2 2
-3064.3 -2681.2 -10.1 191 0 15.8 8.3 5.0 2.5 2 0 2 5 5
-3863.2 -2159.7 1.8 95 0 72.0 31.0 10.0 0.0 0 0 4 3 3
-3131.3 -2543.2 -7.9 4 0 12.1 12.5 2.5 2.5 4 1 1 4 4
-2906.1 -2490.6 -10.3 17 0 18.8 29.3 10.0 2.5 2 1 4 5 5
-3013.6 -2538.0 -9.4 280 0 9.6 8.3 5.0 2.5 2 0 2 0 0
-2950.0 -2477.2 -9.9 200 0 31.9 14.0 12.5 2.5 2 0 5 1 1
-2949.2 -2624.6 -11.0 95 0 7.6 12.0 5.0 2.5 4 1 2 3 3
-2924.8 -2778.9 -12.3 262 0 6.8 9.1 7.5 2.5 4 1 3 1 1
-3064.0 -2802.7 -9.0 90 0 7.7 9.5 5.0 2.5 4 1 2 3 3
-3137.4 -2600.8 -8.3 1 0 5.6 11.8 5.0 2.5 2 1 2 5 5
-3090.0 -2796.1 -8.5 180 0 12.1 6.6 2.5 2.5 2 0 1 3 3
-2899.1 -2773.4 -12.9 261 0 10.0 13.2 2.5 2.5 2 1 1 4 4
-2810.2 -2788.5 -14.3 263 0 4.8 13.0 7.5 2.5 2 1 3 2 2
-3098.6 -2727.8 -9.0 181 0 11.2 7.5 7.5 2.5 2 0 3 0 0
-3210.4 -2569.1 -7.1 195 0 5.1 7.5 2.5 2.5 2 1 1 4 4
-2952.4 -2735.4 -11.9 97 0 6.5 11.6 5.0 2.5 2 1 2 1 1
-3220.8 -2557.0 -6.9 190 0 7.8 9.2 5.0 0.0 0 1 2 0 0
-2969.2 -2661.1 -11.1 277 0 15.3 9.5 7.5 2.5 2 0 3 2 2
-3180.0 -2607.8 -7.8 91 0 11.7 17.3 7.5 2.5 2 1 3 5 5
-2834.0 -2828.8 -14.0 86 0 8.9 14.0 5.0 2.5 2 1 2 4 4
-3193.1 -2607.8 -7.7 91 0 8.8 11.9 5.0 2.5 2 1 2 3 3
-3211.9 -2577.3 -7.2 191 0 8.4 10.3 7.5 2.5 2 1 3 1 1
-3131.4 -2623.5 -8.6 1 0 9.3 13.2 7.5 2.5 2 1 3 4 4
-2900.2 -2691.0 -12.1 1 0 7.4 7.3 5.0 2.5 2 0 2 4 4
-3126.5 -2693.6 -8.5 1 0 8.2 10.6 5.0 2.5 2 1 2 0 0
-3120.3 -2610.2 -8.6 1 0 7.8 7.7 5.0 2.5 2 0 2 1 1
-2797.4 -2655.0 -13.0 89 0 7.2 7.7 7.5 2.5 2 1 3 1 1
-2908.7 -2777.0 -12.7 259 0 6.6 7.0 7.5 2.5 2 1 3 1 1
-3009.5 -2753.0 -10.7 101 0 8.8 7.7 5.0 2.5 2 0 2 0 0
-2826.7 -2654.3 -12.8 91 0 16.4 7.4 2.5 2.5 2 0 1 1 1
-3027.3 -2633.5 -10.1 284 0 12.1 12.4 2.5 2.5 2 1 1 0 0
-2886.4 -2773.0 -13.1 266 0 8.5 17.2 2.5 2.5 2 1 1 3 3
-3094.3 -2683.7 -9.5 186 0 10.7 7.7 5.0 0.0 0 0 2 0 0
-2818.6 -2778.2 -14.1 266 0 18.9 7.6 7.5 2.5 2 0 3 2 2
-3096.3 -2710.2 -9.3 181 0 13.2 9.8 2.5 2.5 4 0 1 5 5
-3129.9 -2681.0 -8.6 1 0 10.0 7.7 2.5 2.5 2 0 1 1 1
-3210.1 -2558.9 -7.1 188 0 11.2 10.5 10.0 2.5 2 0 4 2 2
-2999.3 -2692.9 -11.0 283 0 7.1 11.4 7.5 2.5 2 1 3 2 2
-2935.7 -2778.4 -12.1 253 0 7.6 9.7 5.0 2.5 2 1 2 3 3
-3128.1 -2662.4 -8.8 1 0 11.0 6.2 5.0 2.5 2 0 2 4 4
-3186.0 -2620.2 -8.1 181 0 8.0 11.8 5.0 2.5 2 1 2 3 3
-2994.4 -2779.5 -11.2 95 0 6.9 38.2 7.5 2.5 2 1 3 5 5
-4539.1 -46.4 0.1 36 0 8.6 10.9 7.5 2.5 2 1 3 0 0
-4576.4 28.5 0.6 222 0 10.3 7.0 5.0 2.5 2 0 2 5 5
-4543.4 -22.0 0.5 42 0 8.0 11.0 2.5 0.0 0 1 1 0 0
-4554.0 20.7 0.7 225 0 10.8 7.2 7.5 2.5 2 0 3 1 1
-4552.4 -32.6 0.2 33 0 5.9 8.8 2.5 2.5 2 1 1 2 2
-4611.3 -21.4 -0.5 208 0 11.9 10.5 2.5 2.5 2 0 1 3 3
-3463.1 1318.6 -5.5 271 0 6.0 8.4 2.5 2.5 4 1 1 4 4
-3491.8 1322.7 -5.8 269 0 5.4 7.1 2.5 2.5 2 1 1 3 3
-3544.5 1295.3 -5.7 267 0 6.2 8.5 5.0 2.5 2 1 2 1 1
-3513.2 1274.6 -5.3 356 0 12.6 10.6 7.5 2.5 2 0 3 3 3
-3534.4 1292.2 -5.6 266 0 10.1 5.8 5.0 2.5 2 0 2 4 4
-3559.3 1239.2 -5.0 83 0 5.5 8.3 5.0 2.5 2 1 2 4 4
-3612.5 1284.0 -6.0 179 0 7.3 7.8 2.5 2.5 2 1 1 2 2
-3572.8 1310.9 -6.1 263 0 7.5 8.6 5.0 2.5 2 1 2 2 2
-3491.3 1307.8 -5.6 84 0 4.8 6.7 7.5 2.5 2 1 3 1 1
-3511.2 1288.0 -5.5 88 0 4.5 12.4 5.0 2.5 2 1 2 2 2
-3518.9 1322.4 -5.9 268 0 6.4 14.6 7.5 2.5 2 1 3 5 5
-3581.7 1308.9 -6.2 267 0 6.9 9.4 5.0 2.5 2 1 2 5 5
-6441.4 5878.1 9.8 6 0 6.4 7.4 2.5 2.5 2 1 1 0 0
-6434.9 5910.1 9.0 5 0 9.9 8.2 5.0 2.5 4 0 2 2 2
