-3389.7 148.2 -7.7 89 0 9.2 9.4 7.5 2.5 2 1 3 4 4
-3419.9 171.2 -8.4 184 0 8.9 7.2 7.5 2.5 2 0 3 2 2
-3277.6 223.4 -6.7 4 0 6.9 15.6 5.0 2.5 2 1 2 5 5
-3343.7 253.0 -7.1 8 0 7.4 12.8 2.5 0.0 0 1 1 2 2
-3367.2 255.2 -7.1 8 0 8.3 7.7 5.0 2.5 2 0 2 0 0
-3391.5 258.3 -7.4 184 0 11.0 8.1 7.5 2.5 2 0 3 2 2
-3343.1 204.3 -6.5 355 0 10.0 14.3 2.5 2.5 2 1 1 3 3
-6098.4 -1209.2 3.1 267 0 8.6 11.2 7.5 2.5 2 1 3 1 1
-6126.2 -1209.6 2.6 263 0 8.4 14.5 5.0 2.5 2 1 2 3 3
-6094.7 -1238.4 3.5 82 0 7.7 12.5 5.0 2.5 2 1 2 0 0
-6077.1 -1208.6 3.5 255 0 6.5 17.0 7.5 0.0 0 1 3 5 5
-6067.9 -1206.3 3.6 253 0 8.6 12.1 5.0 2.5 2 1 2 5 5
-6057.1 -1204.8 3.7 253 0 7.9 9.7 5.0 2.5 2 1 2 2 2
-6038.6 -1244.8 4.5 73 0 8.8 15.5 7.5 2.5 2 1 3 4 4
