-668.1 6513.7 10.0 16 0 8.9 12.9 7.5 2.5 2 1 3 5 5
-733.3 6498.1 6.5 194 0 7.9 45.5 7.5 2.5 2 1 3 5 5
-637.8 6406.3 8.4 86 0 8.7 46.3 7.5 2.5 2 1 3 4 4
-874.7 6605.9 1.2 156 0 7.7 31.7 7.5 2.5 2 1 3 1 1
-676.9 6476.6 9.0 106 0 12.3 11.5 5.0 2.5 2 0 2 5 5
-757.2 6482.1 3.9 103 0 35.3 7.5 7.5 2.5 2 0 3 2 2
-582.4 6460.0 11.9 14 0 9.0 46.5 7.5 0.0 0 1 3 0 0
-593.9 6429.8 10.2 20 0 38.4 8.5 7.5 2.5 2 0 3 1 1
-553.8 6524.1 11.9 8 0 28.2 19.2 10.0 2.5 2 0 4 0 0
-1617.5 6658.6 -18.9 265 0 35.6 30.1 10.0 0.0 0 0 4 2 2
