5867.9 -2979.1 -3.1 274 0 19.8 10.9 7.5 2.5 2 0 3 0 0
5844.0 -3025.5 -2.7 7 0 7.6 8.6 7.5 2.5 2 1 3 1 1
5851.8 -3006.1 -3.1 190 0 7.9 9.5 5.0 2.5 2 1 2 0 0
5908.6 -2922.5 -1.6 12 0 17.8 16.1 12.5 2.5 2 0 5 2 2
5856.9 -2971.4 -2.1 100 0 9.3 9.4 2.5 0.0 0 1 1 3 3
5933.8 -2956.6 -3.6 282 0 12.4 10.2 5.0 2.5 2 0 2 2 2
5911.9 -3015.3 -5.2 287 0 6.8 7.8 7.5 2.5 2 1 3 0 0
5948.4 -2992.3 -5.3 281 0 7.6 12.7 2.5 2.5 2 1 1 1 1
5947.0 -2946.7 -3.8 289 0 25.0 11.7 12.5 2.5 2 0 5 4 4
5960.4 -2988.3 -5.1 103 0 11.5 9.1 7.5 2.5 2 0 3 5 5
