3398.7 -3978.0 -20.1 102 0 12.0 7.3 7.5 2.5 2 0 3 3 3
4394.1 -3732.0 28.0 100 0 10.5 9.8 7.5 2.5 2 0 3 4 4
1335.2 -4343.0 -32.2 113 0 8.2 13.9 5.0 2.5 2 1 2 3 3
4283.3 -3700.1 23.7 15 0 4.9 8.5 2.5 2.5 2 1 1 0 0
4254.1 -3685.6 22.0 192 0 4.7 11.1 7.5 2.5 2 1 3 1 1
4255.7 -3675.8 20.9 191 0 4.4 9.2 7.5 2.5 2 1 3 1 1
4270.7 -3676.2 21.2 281 0 8.8 4.7 2.5 2.5 2 0 1 0 0
4279.1 -3677.6 21.5 282 0 3.7 13.2 7.5 2.5 2 1 3 2 2
4303.3 -3697.5 23.6 102 0 9.9 4.1 5.0 2.5 2 0 2 0 0
4294.8 -3665.7 20.2 282 0 4.9 12.9 5.0 2.5 4 1 2 4 4
4319.7 -3660.8 18.1 98 0 6.7 14.8 5.0 2.5 2 1 2 4 4
4388.1 -3708.9 25.4 102 0 14.9 6.9 7.5 2.5 2 0 3 1 1
4410.7 -3726.2 27.9 104 0 6.6 6.7 5.0 2.5 2 1 2 4 4
4388.4 -3650.9 19.3 281 0 7.7 15.1 7.5 2.5 2 1 3 1 1
4343.0 -3683.8 22.3 16 0 5.5 8.7 7.5 2.5 2 1 3 0 0
4352.8 -3710.2 23.8 107 0 5.4 20.9 5.0 2.5 2 1 2 0 0
4353.6 -3614.9 13.5 16 0 9.2 24.2 7.5 2.5 2 1 3 5 5
