-2354.8 -3771.3 8.0 195 0 31.4 27.2 5.0 0.0 0 0 2 4 4
-2338.1 -3729.1 8.4 104 0 17.4 23.7 10.0 2.5 2 1 4 4 4
-2381.9 -3579.0 10.6 106 0 37.7 23.1 10.0 0.0 0 0 4 0 0
-2362.9 -3802.3 8.2 186 0 20.4 19.3 7.5 2.5 4 0 3 3 3
-2351.7 -3826.8 8.4 284 0 14.5 10.7 2.5 2.5 2 0 1 3 3
3249.8 -5676.2 1.2 20 0 117.2 270.4 12.5 0.0 0 1 5 0 0
3603.5 -5463.2 -6.8 117 0 71.7 39.5 12.5 0.0 0 0 5 5 5
-4270.5 -3425.1 0.0 115 0 29.2 19.9 10.0 2.5 2 0 4 3 3
-5020.2 -2836.9 -4.4 272 0 15.2 7.1 10.5 0.0 0 0 3 2 2
-5021.9 -2850.0 -4.1 279 0 13.9 8.6 10.5 3.5 2 0 3 2 2
-5025.4 -2867.6 -4.0 100 0 11.4 8.0 10.5 3.5 2 0 3 5 5
-4996.0 -2837.3 -4.4 275 0 14.1 14.5 10.5 3.5 2 1 3 0 0
-5008.7 -2851.7 -4.1 279 0 8.6 6.5 10.5 3.5 4 0 3 2 2
-4206.7 -3416.9 1.4 21 0 57.2 23.7 47.5 2.5 2 0 19 0 0
-4270.5 -3387.8 0.2 205 0 19.9 29.2 10.0 2.5 2 1 4 2 2
-5539.4 -4819.5 1.5 14 0 30.7 121.0 12.5 0.0 0 0 5 1 1
-5531.6 -4787.8 2.0 14 0 33.9 120.9 12.5 0.0 0 0 5 5 5
-5549.8 -4860.6 1.0 18 0 32.8 108.2 10.0 0.0 0 1 4 5 5
-5609.3 -4972.0 -0.3 200 0 8.8 21.6 7.5 2.5 4 1 3 5 5
-5579.4 -4998.5 -0.4 15 0 16.1 16.1 10.0 2.5 2 1 4 0 0
-5565.4 -4987.7 0.1 183 0 12.1 19.3 5.0 2.5 2 1 2 4 4
-5527.4 -4844.0 2.4 187 0 23.9 6.3 7.5 2.5 4 0 3 5 5
-5640.3 -4304.2 3.3 108 0 9.0 12.2 5.0 2.5 2 0 2 2 2
-5660.2 -4328.7 3.1 280 0 15.7 26.1 10.0 2.5 2 1 4 1 1
-5378.0 -4261.6 11.1 284 0 25.3 31.4 10.0 0.0 0 1 4 0 0
-5423.7 -4290.8 12.3 197 0 11.3 21.6 5.0 2.5 2 1 2 2 2
-4999.9 -5502.5 6.0 190 0 48.4 77.6 12.5 0.0 0 1 5 4 4
-5750.7 -4784.8 -1.5 292 0 35.1 118.3 12.5 0.0 0 1 5 2 2
-5807.7 -5013.1 -3.5 50 0 28.5 50.0 7.5 0.0 0 1 3 5 5
-5845.3 -4888.9 -2.4 198 0 32.1 27.4 12.5 0.0 0 0 5 1 1
-5984.3 -4311.9 -3.7 255 0 9.6 15.7 5.0 2.5 2 1 2 5 5
-6010.3 -4353.9 -4.3 76 0 9.1 14.9 5.0 2.5 2 1 2 3 3
-5974.8 -4344.4 -3.5 77 0 8.5 14.5 7.5 2.5 4 1 3 5 5
-6040.6 -4379.5 -4.7 253 0 9.4 14.3 5.0 0.0 0 1 2 3 3
-6028.9 -4375.3 -4.4 255 0 9.0 14.7 5.0 0.0 0 1 2 5 5
-6005.8 -4368.0 -3.9 256 0 9.4 16.3 5.0 2.5 4 1 2 1 1
-5983.4 -4362.3 -3.4 248 0 9.6 15.8 2.5 2.5 2 0 1 1 1
-5970.0 -4358.3 -3.1 255 0 9.4 15.1 2.5 2.5 2 1 1 0 0
-5958.9 -4356.5 -2.9 256 0 8.6 14.6 2.5 2.5 2 1 1 5 5
-5997.4 -4400.5 -3.7 75 0 8.7 14.1 5.0 2.5 2 1 2 3 3
-6015.9 -4422.6 -3.9 254 0 9.4 14.8 5.0 2.5 2 1 2 0 0
-5926.7 -4405.4 -2.1 344 0 14.8 10.3 2.5 0.0 0 0 1 2 2
-5922.1 -4422.2 -1.9 343 0 15.7 9.4 5.0 2.5 2 0 2 1 1
-5936.5 -4433.9 -2.1 74 0 9.5 14.6 5.0 2.5 2 1 2 0 0
-5948.4 -4436.3 -2.4 75 0 8.8 13.9 5.0 0.0 0 1 2 1 1
-5369.7 -3209.6 2.2 359 0 15.4 23.7 10.5 3.5 2 0 3 0 0
-5369.9 -3195.3 2.3 359 0 13.2 16.2 10.5 3.5 2 0 3 2 2
-5365.7 -3245.2 2.7 358 0 25.1 8.4 10.5 3.5 4 0 3 2 2
-5296.9 -3271.0 3.4 358 0 16.5 16.5 14.0 3.5 2 1 4 4 4
-5362.4 -3544.2 2.9 90 0 15.0 13.1 14.0 0.0 0 0 4 3 3
-5317.7 -3544.7 3.5 186 0 26.1 10.6 10.5 3.5 2 0 3 4 4
-5106.3 -3137.2 1.7 3 0 36.3 18.2 14.0 0.0 0 0 4 3 3
-5324.8 -3016.0 -0.8 351 0 13.6 25.3 14.0 0.0 0 1 4 2 2
-4550.1 -3228.4 -2.0 96 1 10.2 15.5 14.0 3.5 2 1 4 0 0
-4526.1 -3228.7 -2.6 96 1 10.2 15.5 14.0 3.5 2 1 4 5 5
-4491.3 -3223.4 -2.4 190 0 18.3 10.3 7.5 2.5 2 0 3 1 1
-4467.9 -3215.2 -2.3 275 0 12.5 19.7 7.5 2.5 2 1 3 2 2
-4830.0 -2922.8 -3.6 194 0 91.8 23.7 15.0 0.0 0 0 6 2 2
-5437.2 -3812.0 4.0 197 0 18.3 52.5 12.5 0.0 0 1 5 0 0
-5407.9 -3672.7 4.0 182 0 17.4 30.1 7.5 2.5 2 1 3 5 5
-5423.9 -3880.6 5.6 192 0 28.6 16.5 10.0 2.5 2 0 4 2 2
-5388.2 -3925.4 7.0 7 0 26.7 17.6 10.0 0.0 0 0 4 2 2
-5398.5 -3966.9 7.1 7 0 20.8 8.6 5.0 2.5 2 0 2 0 0
-5385.4 -3876.2 5.2 9 0 49.7 11.1 12.5 2.5 2 0 5 2 2
3552.2 -4532.4 1.8 292 0 13.9 9.9 5.0 0.0 0 0 2 3 3
3968.7 -3949.9 -10.5 120 0 26.2 21.3 10.0 2.5 2 0 4 3 3
-5316.7 -2460.9 -11.4 7 0 29.1 13.5 14.0 3.5 2 0 4 5 5
-4444.1 -5070.0 10.9 284 0 9.7 89.9 7.5 2.5 2 1 3 3 3
-4797.7 -4962.0 12.8 108 0 15.0 38.6 7.5 2.5 4 1 3 3 3
-5015.9 -4972.2 9.1 203 0 13.7 13.7 5.0 2.5 2 1 2 2 2
-5095.0 -4872.4 8.9 296 0 23.1 30.2 10.0 0.0 0 1 4 1 1
-5118.7 -4946.0 7.1 25 0 71.4 28.9 10.0 0.0 0 0 4 3 3
-5115.8 -4972.6 7.2 294 0 19.6 16.5 7.5 2.5 2 0 3 5 5
-5038.3 -5274.9 4.0 105 0 14.0 15.9 2.5 2.5 2 1 1 3 3
-5065.8 -5217.4 4.5 108 0 8.3 14.5 2.5 2.5 2 1 1 2 2
-5072.0 -5196.5 4.4 112 0 98.1 18.1 12.5 0.0 0 0 5 4 4
-4462.7 -5057.4 11.0 281 0 11.4 52.4 10.0 2.5 2 1 4 2 2
-4426.6 -5074.3 10.8 286 0 9.3 89.3 7.5 2.5 2 1 3 0 0
-4386.3 -5078.1 10.8 286 0 8.4 20.1 5.0 2.5 2 1 2 5 5
-4374.9 -5087.1 11.0 284 0 9.8 18.7 5.0 2.5 2 1 2 3 3
-4191.2 -4558.3 8.3 301 0 6.0 5.4 5.0 2.5 4 0 2 0 0
-3354.7 -3315.8 2.4 9 0 11.4 9.6 5.0 2.5 2 0 2 3 3
-3361.6 -3344.3 2.8 106 0 12.9 9.5 5.0 2.5 2 0 2 4 4
-3355.4 -3351.8 2.9 208 0 10.7 12.6 2.5 2.5 2 1 1 1 1
-3307.7 -3320.8 1.9 277 0 5.8 7.3 2.5 0.0 0 1 1 4 4
-3303.8 -3348.9 2.2 172 0 10.1 6.1 2.5 2.5 2 0 1 2 2
-3344.7 -3282.8 1.7 190 0 7.8 7.8 5.0 2.5 2 0 2 2 2
-3361.3 -3278.8 2.0 281 0 6.5 10.9 2.5 2.5 4 1 1 0 0
-3385.5 -3309.7 2.5 197 0 16.2 11.0 5.0 2.5 2 0 2 0 0
-3390.2 -3286.9 2.3 8 0 26.8 9.3 5.0 2.5 2 0 2 2 2
-3321.2 -3304.7 1.6 95 0 10.1 15.4 2.5 2.5 2 0 1 5 5
-3286.7 -3312.3 1.4 92 0 5.9 7.1 5.0 2.5 2 0 2 2 2
-3364.5 -3273.1 1.7 100 0 7.3 9.9 5.0 2.5 2 1 2 2 2
-3345.3 -3257.2 1.4 10 0 5.4 6.8 5.0 2.5 2 1 2 3 3
-3343.9 -3245.8 1.2 15 0 15.3 13.5 5.0 2.5 2 0 2 4 4
-3338.4 -3226.6 1.2 15 0 20.7 18.4 7.5 2.5 2 0 3 5 5
-3310.6 -3293.3 1.3 95 0 6.5 13.2 5.0 2.5 2 0 2 3 3
-3308.2 -3391.0 2.8 52 0 12.7 17.2 5.0 2.5 2 1 2 1 1
-3417.7 -3335.1 3.1 284 0 95.7 33.2 12.5 0.0 0 0 5 5 5
-3437.1 -3267.6 2.1 355 0 110.2 97.6 10.0 0.0 0 0 4 3 3
-3384.2 -3286.4 2.1 187 0 17.7 16.7 10.0 2.5 4 0 4 2 2
-3263.5 -3303.5 1.1 1 0 7.1 6.5 5.0 2.5 2 0 2 3 3
-3264.5 -3293.8 1.0 353 0 6.0 6.9 5.0 2.5 2 0 2 0 0
-3264.8 -3287.5 0.9 1 0 6.6 7.0 2.5 2.5 2 0 1 5 5
-4311.8 -3429.0 -0.9 109 0 12.0 12.4 5.0 2.5 2 1 2 2 2
-4331.6 -3425.9 -1.4 110 0 7.2 29.7 2.5 2.5 4 1 1 4 4
-5302.2 -1283.0 -0.3 94 0 7.3 12.8 5.0 2.5 2 1 2 3 3
-5283.7 -1283.7 -0.3 92 0 8.8 13.4 2.5 2.5 2 0 1 2 2
-5293.5 -1254.6 -0.3 275 0 9.3 14.2 2.5 2.5 2 0 1 5 5
-5284.8 -1255.4 -0.3 277 0 7.9 14.3 5.0 2.5 2 0 2 0 0
-5280.6 -1294.0 -0.4 271 0 9.9 13.3 5.0 2.5 2 0 2 0 0
-5235.1 -1296.4 -0.6 271 0 8.7 13.8 5.0 2.5 2 0 2 5 5
-5215.8 -1297.6 -0.7 273 0 10.9 13.9 2.5 2.5 2 0 1 5 5
-5206.3 -1298.2 -0.7 274 0 8.6 13.8 7.5 2.5 2 0 3 3 3
-5197.3 -1298.7 -0.7 273 0 9.4 13.7 2.5 2.5 2 0 1 2 2
-5187.9 -1299.1 -0.7 273 0 9.4 13.7 5.0 2.5 2 0 2 4 4
-5179.2 -1299.7 -0.8 276 0 8.4 13.5 5.0 2.5 2 0 2 5 5
-5157.0 -1307.6 -0.8 2 0 13.6 8.7 5.0 2.5 2 0 2 5 5
-5190.4 -1290.6 -0.7 90 0 9.7 13.8 5.0 2.5 2 0 2 1 1
-5171.7 -1291.7 -0.7 99 0 9.2 13.7 5.0 2.5 2 0 2 0 0
-5161.0 -1278.4 -0.8 275 0 10.6 14.4 5.0 2.5 2 0 2 1 1
-5281.5 -1320.6 -0.5 97 0 10.9 13.3 5.0 2.5 2 0 2 4 4
-5272.0 -1321.4 -0.5 92 0 9.0 13.7 2.5 2.5 2 0 1 5 5
-5253.6 -1322.6 -0.6 95 0 8.8 13.9 2.5 2.5 2 0 1 3 3
-5245.4 -1323.3 -0.6 95 0 8.0 14.1 2.5 2.5 2 0 1 0 0
-5236.6 -1324.2 -0.6 96 0 9.9 14.0 2.5 2.5 2 0 1 1 1
-5227.1 -1324.8 -0.7 91 0 9.4 13.8 5.0 2.5 2 0 2 0 0
-5180.5 -1327.3 -0.8 93 0 8.1 14.1 2.5 2.5 2 0 1 1 1
-5171.6 -1327.8 -0.8 94 0 9.8 14.2 2.5 2.5 2 0 1 5 5
-5157.7 -1321.5 -0.9 3 0 14.2 8.7 5.0 2.5 2 0 2 2 2
-5669.4 -425.8 -18.4 6 0 11.0 5.4 2.5 2.5 2 0 1 2 2
-5663.2 -413.5 -18.6 3 0 5.5 8.8 5.0 2.5 2 1 2 3 3
-5581.0 -498.4 -16.2 300 0 8.9 7.2 5.0 2.5 2 0 2 4 4
-5557.9 -516.4 -15.8 295 0 6.6 14.0 5.0 0.0 0 1 2 0 0
-5550.7 -520.0 -15.8 296 0 6.6 13.8 7.5 2.5 4 1 3 4 4
-5685.2 -461.8 -18.2 100 0 20.9 25.2 10.0 2.5 2 0 4 1 1
-5711.8 -399.0 -19.1 183 0 4.8 8.3 5.0 2.5 2 0 2 5 5
-5705.1 -419.3 -18.7 182 0 12.4 8.0 5.0 2.5 2 0 2 3 3
-5276.9 -2130.3 -12.4 8 0 26.4 12.7 14.0 3.5 2 0 4 2 2
-5279.3 -2150.5 -12.6 4 0 14.3 20.4 14.0 3.5 2 0 4 2 2
-5282.3 -2170.4 -12.8 8 1 19.1 12.4 14.0 3.5 2 0 4 3 3
-5274.8 -2109.0 -12.6 8 0 10.6 9.4 10.5 3.5 2 0 3 0 0
-5284.7 -2189.8 -13.9 6 0 19.9 21.9 14.0 3.5 2 0 4 4 4
-5282.1 -2208.2 -14.7 3 0 14.3 26.8 14.0 3.5 2 0 4 1 1
-5285.5 -2222.6 -15.4 1 0 14.6 25.2 14.0 3.5 2 0 4 4 4
-5317.0 -2224.8 -15.7 92 0 10.9 12.2 14.0 3.5 4 1 4 2 2
-5328.5 -2224.0 -16.0 94 0 9.1 14.0 10.5 3.5 2 1 3 3 3
-5343.9 -2215.2 -16.2 184 0 12.9 9.7 10.5 3.5 2 0 3 2 2
-5342.2 -2125.3 -15.5 285 0 12.0 12.4 14.0 0.0 0 1 4 5 5
-5355.3 -2151.9 -15.5 102 0 7.7 13.8 10.5 3.5 2 1 3 2 2
-5252.1 -2046.1 -12.8 10 0 22.8 9.5 5.0 2.5 2 0 2 1 1
-5251.3 -2023.7 -12.8 12 0 21.5 14.1 10.0 2.5 2 0 4 0 0
-5257.2 -2155.2 -11.3 189 0 13.0 6.3 10.5 3.5 4 0 3 0 0
-5251.5 -2124.6 -11.3 189 0 11.0 7.2 10.5 3.5 2 0 3 5 5
-5253.3 -2136.2 -11.3 188 0 7.9 7.3 10.5 3.5 4 0 3 1 1
-5241.6 -2131.1 -11.3 195 0 6.7 10.1 10.5 3.5 4 1 3 3 3
-5230.6 -2139.5 -11.3 191 0 14.4 8.8 10.5 3.5 2 0 3 4 4
-5222.1 -2124.8 -11.3 282 0 8.4 6.9 10.5 3.5 2 0 3 3 3
-5226.4 -2104.8 -11.3 286 0 6.4 9.3 10.5 3.5 2 1 3 4 4
-5209.1 -2112.7 -11.4 282 0 8.7 13.3 10.5 3.5 2 1 3 0 0
-5407.2 -2095.7 -17.2 191 0 24.1 15.5 14.0 3.5 4 0 4 2 2
-5390.1 -2543.0 -10.8 90 0 10.8 9.6 10.5 3.5 4 0 3 2 2
-5376.7 -2548.4 -10.6 91 0 8.3 8.6 10.5 3.5 2 0 3 5 5
-5376.6 -2539.8 -10.7 91 0 8.4 9.9 10.5 3.5 2 0 3 3 3
-5394.6 -2523.3 -11.1 90 0 6.2 7.3 10.5 3.5 2 0 3 1 1
-5373.6 -2508.0 -11.3 91 1 15.5 11.4 14.0 3.5 2 0 4 4 4
-5393.9 -2509.7 -11.6 90 1 13.9 10.2 14.0 3.5 2 0 4 2 2
-5393.2 -2499.5 -11.7 96 0 14.4 9.2 10.5 3.5 2 0 3 5 5
-5396.9 -2474.3 -12.1 184 0 8.3 14.7 10.5 3.5 2 0 3 3 3
-5389.8 -2465.9 -12.2 186 0 10.4 8.7 10.5 3.5 2 0 3 1 1
-5357.5 -2528.8 -10.7 88 1 13.5 11.3 14.0 3.5 2 0 4 0 0
-5405.8 -2473.5 -12.3 188 0 14.0 9.0 10.5 3.5 2 0 3 1 1
-5406.2 -2507.3 -11.8 98 0 8.4 14.5 10.5 3.5 2 0 3 0 0
-5408.1 -2521.4 -11.6 96 0 8.4 14.2 10.5 3.5 2 0 3 3 3
-5409.1 -2531.6 -11.3 95 0 8.9 10.2 10.5 3.5 2 0 3 1 1
-5410.0 -2542.8 -11.1 95 0 9.1 11.3 10.5 3.5 2 0 3 5 5
-5425.1 -2536.0 -11.6 99 0 9.8 19.2 10.5 0.0 0 1 3 3 3
-5420.4 -2472.6 -12.6 187 0 14.4 9.4 10.5 0.0 0 0 3 0 0
-5446.4 -2487.2 -12.5 187 1 10.6 10.4 14.0 3.5 2 0 4 5 5
-5447.8 -2497.6 -12.3 188 1 10.3 10.4 14.0 3.5 2 0 4 2 2
-5445.8 -2532.5 -11.7 91 1 11.2 11.0 14.0 3.5 2 0 4 5 5
-5444.6 -2546.0 -11.6 8 0 20.3 23.9 14.0 3.5 2 1 4 2 2
-5435.0 -2563.9 -10.8 4 0 8.5 6.3 10.5 3.5 2 0 3 5 5
-5432.5 -2576.8 -10.7 5 0 16.8 19.6 14.0 3.5 2 0 4 0 0
-5444.7 -2587.6 -10.3 4 0 6.8 8.4 10.5 3.5 2 0 3 4 4
-5433.4 -2588.5 -10.0 2 0 6.4 11.3 10.5 3.5 2 0 3 4 4
-5441.7 -2625.4 -8.6 3 1 11.5 12.1 14.0 3.5 2 1 4 2 2
-5448.0 -2640.4 -8.1 2 0 5.7 10.9 10.5 3.5 2 0 3 2 2
-5465.4 -2634.9 -8.4 181 0 11.4 6.7 10.5 3.5 2 0 3 1 1
-5393.0 -2561.9 -10.4 270 0 13.0 13.8 10.5 3.5 2 1 3 5 5
-5374.5 -2560.4 -10.3 271 0 7.6 17.1 10.5 3.5 2 0 3 5 5
-5372.3 -2577.5 -9.4 271 0 13.9 6.5 10.5 3.5 2 0 3 5 5
-5308.6 -2371.2 -12.7 289 0 6.2 11.4 10.5 3.5 2 1 3 5 5
-5263.4 -2422.3 -11.5 0 0 9.4 22.7 10.5 3.5 2 0 3 1 1
-5260.1 -2431.9 -11.3 1 0 9.7 23.3 10.5 3.5 2 0 3 2 2
-5286.1 -2426.3 -11.4 0 0 12.5 9.8 10.5 3.5 2 0 3 4 4
-5289.2 -2534.4 -10.5 90 0 8.6 12.1 10.5 3.5 2 1 3 1 1
-5325.2 -2540.8 -10.3 92 0 8.4 8.2 10.5 3.5 2 0 3 0 0
-5311.3 -2529.6 -10.3 88 0 8.1 8.4 10.5 3.5 2 0 3 1 1
-5309.4 -2541.7 -10.3 88 0 7.8 12.3 10.5 3.5 2 0 3 1 1
-5343.6 -2557.7 -10.1 272 0 6.5 9.9 10.5 3.5 2 1 3 1 1
-5345.1 -2568.9 -9.6 271 0 5.6 7.8 10.5 3.5 2 0 3 3 3
-5345.2 -2576.7 -9.5 270 0 5.6 8.5 10.5 3.5 2 0 3 0 0
-5331.0 -2554.3 -10.1 270 0 8.9 18.8 10.5 3.5 2 0 3 2 2
-5321.3 -2551.3 -10.2 270 0 7.6 9.0 10.5 3.5 2 0 3 4 4
-5321.6 -2571.1 -9.9 271 0 7.7 20.2 10.5 3.5 2 0 3 4 4
-5280.1 -1244.6 -0.5 93 0 9.1 13.4 5.0 2.5 2 0 2 2 2
-5271.0 -1245.1 -0.4 93 0 9.2 13.5 5.0 2.5 2 0 2 3 3
-5290.5 -1214.2 -1.1 271 0 8.7 16.6 5.0 2.5 2 0 2 4 4
-5281.7 -1214.4 -1.1 271 0 8.9 16.8 5.0 2.5 2 0 2 1 1
-5272.6 -1216.4 -1.0 271 0 9.9 15.2 5.0 2.5 2 0 2 4 4
