4799.7 4287.9 -3.2 88 0 18.6 20.3 10.0 2.5 2 1 4 4 4
4824.0 4151.8 -6.4 184 0 11.0 16.2 5.0 0.0 0 1 2 0 0
4833.5 4107.0 -7.2 86 0 12.1 11.6 7.5 2.5 2 0 3 0 0
4825.6 4171.6 -6.0 270 0 9.5 11.4 2.5 0.0 0 1 1 5 5
4860.9 4117.5 -7.1 98 0 9.0 11.1 5.0 2.5 2 1 2 3 3
4822.0 4080.3 -8.0 253 0 10.0 11.8 7.5 2.5 2 1 3 0 0
4762.7 4373.7 -1.2 83 0 19.8 13.4 7.5 2.5 2 0 3 4 4
4756.7 4386.5 -0.9 83 0 12.4 14.4 7.5 2.5 2 0 3 1 1
4794.0 4394.4 -1.0 0 0 12.7 23.3 7.5 2.5 2 0 3 1 1
4768.1 4411.2 -0.5 357 0 9.7 16.6 5.0 2.5 2 0 2 5 5
4763.3 4424.0 -0.3 1 0 16.0 16.1 5.0 2.5 2 0 2 3 3
4739.3 4349.1 -1.6 86 0 11.9 10.7 10.0 2.5 2 0 4 4 4
4737.6 4388.6 -0.8 79 0 14.9 10.7 10.0 2.5 2 0 4 1 1
4728.4 4406.1 -0.5 169 0 12.3 12.7 7.5 2.5 2 1 3 2 2
4722.4 4444.0 0.3 184 0 14.4 11.9 10.0 2.5 2 0 4 4 4
4716.6 4457.3 0.6 170 0 12.9 17.9 7.5 2.5 2 0 3 4 4
4756.2 4466.5 0.7 348 0 12.3 20.7 7.5 2.5 2 0 3 3 3
4716.8 4471.0 1.0 171 0 7.5 11.1 5.0 2.5 2 0 2 1 1
4743.5 4487.3 1.1 263 0 16.0 12.9 7.5 2.5 2 0 3 4 4
4748.0 4447.4 0.3 269 0 12.5 7.9 7.5 2.5 2 0 3 5 5
4802.2 4452.6 0.3 6 0 11.5 13.7 2.5 0.0 0 1 1 5 5
4713.2 4494.7 1.5 162 0 8.4 13.1 5.0 0.0 0 1 2 1 1
