-1074.9 5421.2 0.9 191 0 10.7 14.5 5.0 2.5 2 1 2 3 3
-1037.2 5440.6 0.6 287 0 7.0 11.0 5.0 0.0 0 1 2 2 2
-1010.5 5386.1 1.0 7 0 12.3 7.3 7.5 2.5 2 0 3 4 4
-998.1 5430.7 0.4 105 0 9.8 9.3 7.5 2.5 2 0 3 2 2
-997.5 5421.9 0.5 181 0 12.0 10.7 7.5 0.0 0 0 3 0 0
-1017.2 5498.8 -0.3 193 0 18.0 10.7 7.5 2.5 2 0 3 2 2
-1011.4 5520.2 -0.6 197 0 13.5 7.9 5.0 2.5 2 0 2 5 5
-1005.7 5481.3 -0.1 193 0 5.7 6.8 5.0 2.5 2 1 2 2 2
-982.6 5478.9 -0.2 193 0 9.4 9.7 2.5 2.5 2 1 1 4 4
-968.9 5456.9 -0.0 123 0 5.4 9.1 7.5 2.5 2 1 3 4 4
-981.5 5513.3 -0.6 197 0 8.4 10.7 2.5 0.0 0 1 1 5 5
-972.4 5486.5 -0.3 191 0 6.0 8.3 5.0 0.0 0 1 2 3 3
-965.8 5440.8 0.2 196 0 6.8 7.3 5.0 2.5 2 1 2 1 1
-960.2 5453.9 0.0 119 0 5.1 7.2 7.5 2.5 4 1 3 3 3
-953.8 5437.4 0.2 192 0 5.1 8.3 7.5 2.5 2 1 3 4 4
-932.7 5441.9 0.1 22 0 9.6 10.4 2.5 2.5 2 1 1 3 3
-955.3 5442.5 0.1 121 0 7.1 5.9 5.0 2.5 2 0 2 2 2
-956.3 5417.1 0.4 120 0 6.5 7.5 5.0 2.5 2 1 2 2 2
-962.9 5407.6 0.6 195 0 9.4 10.5 7.5 2.5 2 1 3 4 4
-960.6 5387.5 0.8 99 0 8.7 6.2 2.5 2.5 4 0 1 4 4
-948.5 5399.1 0.6 105 0 5.1 10.2 7.5 2.5 4 1 3 3 3
-938.9 5409.9 0.5 111 0 7.4 7.7 5.0 2.5 2 1 2 3 3
-932.4 5427.5 0.2 18 0 11.4 6.6 2.5 0.0 0 0 1 2 2
-929.1 5450.8 -0.0 19 0 6.6 8.0 7.5 2.5 2 1 3 1 1
-949.0 5474.3 -0.3 209 0 12.4 7.6 7.5 2.5 2 0 3 5 5
-924.2 5489.9 -0.5 25 0 4.8 8.9 7.5 2.5 2 1 3 1 1
-939.3 5506.8 -0.7 195 0 11.7 7.5 7.5 2.5 4 0 3 4 4
-977.4 5502.8 -0.4 199 0 5.9 9.6 5.0 2.5 2 1 2 3 3
-945.9 5509.4 -0.7 200 0 11.1 6.5 5.0 2.5 2 0 2 1 1
-910.0 5495.5 -0.6 12 0 8.5 8.9 5.0 2.5 2 1 2 3 3
-903.4 5491.1 -0.6 12 0 11.5 5.8 7.5 2.5 2 0 3 0 0
-887.6 5507.4 -0.9 7 0 11.5 10.2 5.0 2.5 2 0 2 2 2
-904.2 5520.2 -1.0 21 0 8.1 12.6 5.0 2.5 2 1 2 5 5
-941.1 5528.1 -0.9 212 0 6.1 8.1 5.0 2.5 2 1 2 3 3
-948.1 5515.6 -0.7 283 0 5.8 11.1 5.0 2.5 2 0 2 5 5
-965.0 5514.1 -0.7 197 0 11.3 6.3 2.5 2.5 2 0 1 3 3
-942.3 5539.2 -1.0 199 0 11.1 6.4 5.0 2.5 2 0 2 3 3
-911.7 5549.1 -1.3 194 0 8.2 7.5 7.5 2.5 4 0 3 5 5
-921.4 5532.3 -1.0 195 0 7.9 5.8 2.5 2.5 4 0 1 5 5
-882.5 5556.0 -1.4 15 0 6.0 10.1 7.5 2.5 2 1 3 1 1
-899.2 5568.8 -1.5 212 0 4.4 8.5 7.5 0.0 0 1 3 3 3
-896.0 5575.1 -1.6 207 0 6.0 5.7 2.5 2.5 2 0 1 0 0
-916.4 5564.9 -1.4 203 0 6.5 7.4 7.5 2.5 2 1 3 1 1
-866.8 5588.7 -1.9 26 0 12.1 11.5 5.0 0.0 0 0 2 4 4
-846.8 5532.9 -1.5 21 0 42.2 8.0 7.5 2.5 2 0 3 4 4
-827.5 5603.9 -2.2 289 0 9.8 37.7 7.5 2.5 2 1 3 2 2
-849.1 5605.1 -2.1 289 0 8.1 31.9 7.5 2.5 2 1 3 0 0
-847.3 5629.5 -2.4 300 0 6.7 6.4 5.0 2.5 2 0 2 3 3
-904.3 5682.7 -2.9 194 0 7.2 11.0 5.0 2.5 2 1 2 0 0
-893.5 5678.1 -2.9 201 0 7.5 10.3 5.0 2.5 2 1 2 4 4
-923.1 5652.1 -2.5 207 0 22.3 18.4 5.0 2.5 2 0 2 3 3
-918.4 5614.2 -2.1 202 0 29.9 9.5 7.5 2.5 2 0 3 0 0
-905.4 5615.2 -2.1 197 0 7.9 7.4 2.5 2.5 2 0 1 5 5
-940.7 5597.9 -1.8 208 0 15.2 14.2 7.5 2.5 2 0 3 1 1
-966.0 5593.4 -1.6 215 0 8.2 10.0 7.5 2.5 2 1 3 3 3
-973.5 5578.2 -1.4 203 0 19.5 9.4 2.5 2.5 2 0 1 5 5
-943.8 5563.8 -1.3 199 0 12.3 7.2 5.0 2.5 2 0 2 1 1
-959.0 5578.0 -1.4 202 0 12.2 7.0 2.5 2.5 2 0 1 0 0
-943.7 5623.7 -2.0 202 0 8.6 4.7 7.5 2.5 2 0 3 3 3
-939.5 5653.9 -2.4 40 0 7.7 9.5 5.0 0.0 0 1 2 2 2
-957.3 5632.6 -2.1 41 0 7.6 7.3 7.5 2.5 2 0 3 2 2
-957.7 5556.8 -1.1 203 0 4.9 7.8 2.5 2.5 2 1 1 4 4
-939.7 5681.3 -2.8 18 0 20.2 8.5 2.5 2.5 2 0 1 5 5
-875.4 5693.3 -3.2 206 0 28.2 16.5 7.5 0.0 0 0 3 3 3
-880.2 5707.1 -3.3 207 0 9.7 8.0 7.5 2.5 2 0 3 5 5
-889.1 5740.4 -3.7 34 0 14.1 8.7 7.5 2.5 2 0 3 0 0
-861.9 5755.2 -3.9 202 0 7.9 9.4 5.0 2.5 2 1 2 2 2
-840.1 5799.5 -4.5 202 0 6.8 17.4 5.0 2.5 2 1 2 5 5
-749.8 5821.0 -5.2 125 0 7.5 12.0 7.5 2.5 2 0 3 4 4
-736.6 5826.7 -5.3 121 0 7.3 10.3 7.5 2.5 2 0 3 3 3
-771.0 5899.3 -6.0 213 0 5.8 5.9 2.5 0.0 0 1 1 2 2
-699.5 5818.3 -5.3 31 0 9.6 8.1 7.5 2.5 2 0 3 5 5
-718.7 5861.6 -5.7 39 0 4.1 7.5 2.5 2.5 2 0 1 5 5
-745.8 5911.1 -6.2 311 0 7.3 6.9 7.5 2.5 2 0 3 3 3
-744.2 5872.9 -5.8 217 0 7.3 5.5 5.0 2.5 2 0 2 4 4
-1046.9 5600.3 -1.3 293 0 15.0 9.5 7.5 2.5 2 0 3 0 0
-1034.6 5595.4 -1.3 290 0 8.8 9.4 5.0 2.5 2 1 2 4 4
-1014.4 5524.8 -0.6 21 0 9.2 6.5 7.5 2.5 2 0 3 0 0
-987.4 5571.2 -1.2 20 0 11.5 14.9 5.0 2.5 2 1 2 1 1
-978.5 5582.6 -1.4 29 0 12.2 11.7 5.0 2.5 2 0 2 5 5
-976.2 5615.1 -1.8 27 0 7.7 8.7 5.0 2.5 2 1 2 5 5
-1000.1 5544.5 -0.9 212 0 9.2 11.3 5.0 2.5 2 1 2 2 2
-989.5 5553.8 -1.0 207 0 14.1 6.9 7.5 2.5 2 0 3 1 1
-987.0 5533.9 -0.8 213 0 8.0 11.5 5.0 2.5 2 1 2 5 5
-981.0 5552.6 -1.0 202 0 8.5 16.9 7.5 2.5 2 1 3 0 0
-964.1 5535.9 -0.9 194 0 8.0 7.2 5.0 2.5 2 0 2 3 3
-1078.9 5575.0 -1.0 114 0 15.4 12.1 7.5 2.5 4 0 3 0 0
-1076.7 5471.6 0.3 185 0 11.3 8.8 5.0 2.5 2 0 2 5 5
-1054.9 5509.1 -0.2 3 0 6.4 10.9 2.5 2.5 4 1 1 5 5
-1038.2 5490.7 -0.0 16 0 4.4 10.1 5.0 2.5 2 1 2 0 0
-1102.6 5721.6 -2.6 213 0 15.4 13.4 2.5 2.5 2 0 1 3 3
-1086.6 5711.2 -2.6 121 0 8.5 12.4 5.0 2.5 2 1 2 1 1
-984.3 5502.5 -0.4 202 0 10.6 5.8 5.0 2.5 2 0 2 5 5
-667.6 5423.4 -0.7 302 0 13.1 42.3 10.0 2.5 2 1 4 2 2
-697.1 5428.8 -0.8 214 0 26.0 12.6 10.0 2.5 2 0 4 0 0
