756.6 -2317.9 7.9 96 0 8.3 17.9 7.5 2.5 2 1 3 0 0
1984.1 -2012.1 2.8 12 0 11.9 14.8 14.0 3.5 2 1 4 5 5
1897.1 -2040.9 2.9 3 0 71.0 50.6 14.0 0.0 0 0 4 4 4
2950.8 -2387.7 4.7 8 0 9.1 11.2 7.5 2.5 2 1 3 1 1
2921.7 -2406.1 5.6 166 0 8.4 12.8 5.0 2.5 2 0 2 2 2
2919.8 -2505.9 7.1 108 0 12.4 27.0 12.5 2.5 2 1 5 2 2
2896.6 -2498.8 7.8 198 0 28.0 13.0 10.0 2.5 2 0 4 4 4
2947.5 -2474.6 6.4 11 0 11.8 10.4 5.0 2.5 2 0 2 1 1
-388.7 600.7 -3.8 98 0 15.1 9.6 2.5 2.5 2 0 1 5 5
2924.1 -2359.7 5.2 16 0 10.3 12.0 10.0 2.5 2 1 4 2 2
2886.0 -2370.4 6.6 103 0 11.5 9.3 7.5 2.5 2 0 3 1 1
2926.0 -2327.8 4.6 7 0 13.1 18.9 5.0 0.0 0 1 2 5 5
2872.5 -2320.3 6.0 194 0 13.4 9.0 7.5 2.5 2 0 3 5 5
2955.0 -2293.8 2.8 278 0 9.8 12.7 5.0 2.5 2 1 2 2 2
597.1 -2659.3 4.9 192 0 14.1 5.3 5.0 2.5 2 0 2 4 4
606.2 -2571.9 7.3 183 0 10.5 9.2 7.5 2.5 2 0 3 3 3
546.5 -2529.0 4.0 185 0 5.2 20.1 5.0 0.0 0 1 2 2 2
579.6 -2567.8 4.7 9 0 9.0 22.5 7.5 0.0 0 1 3 0 0
2093.2 -1555.8 -3.8 6 0 11.9 22.4 10.5 3.5 2 1 3 0 0
2073.2 -1617.0 -3.3 105 0 10.0 16.9 10.5 3.5 4 1 3 5 5
2117.3 -1633.5 -2.8 104 0 10.7 14.3 10.5 3.5 2 1 3 3 3
2094.8 -1634.6 -3.0 273 0 9.6 12.0 10.5 3.5 2 1 3 2 2
2079.1 -1488.3 -4.4 91 0 17.6 13.6 14.0 3.5 2 0 4 0 0
2102.0 -1409.7 -5.8 189 0 8.8 12.9 10.5 3.5 4 1 3 0 0
2113.0 -1292.7 -9.3 5 0 9.8 9.8 10.5 0.0 0 0 3 2 2
2062.4 -1319.1 -9.0 185 0 5.2 14.2 10.5 3.5 2 1 3 1 1
2121.2 -1342.5 -7.4 188 0 4.3 18.1 10.5 3.5 2 1 3 5 5
2061.7 -1378.1 -7.6 6 0 11.5 15.2 10.5 3.5 2 1 3 2 2
2050.2 -1348.0 -8.7 359 0 12.2 16.8 10.5 3.5 2 1 3 1 1
2029.9 -1397.1 -7.5 98 0 18.3 7.5 10.5 0.0 0 0 3 5 5
2069.6 -1301.5 -9.4 187 0 7.5 7.9 10.5 3.5 2 1 3 3 3
2199.5 -1531.3 -3.1 276 0 9.4 10.1 10.5 3.5 2 1 3 4 4
2184.8 -1519.8 -3.5 278 0 9.9 12.1 10.5 3.5 4 1 3 5 5
2399.1 -1933.9 -0.0 185 0 10.0 19.4 10.5 3.5 2 1 3 3 3
2375.0 -1982.2 3.9 191 0 10.1 35.1 10.5 3.5 2 1 3 4 4
1828.7 -1466.2 -6.3 93 0 9.1 24.8 2.5 2.5 2 1 1 0 0
