-5927.4 2224.1 -0.7 202 0 13.7 51.6 17.5 3.5 2 1 5 2 2
-3953.1 -946.1 22.0 26 0 4.7 9.2 7.5 0.0 0 1 3 1 1
-3950.2 -938.5 22.0 25 0 9.8 9.2 5.0 2.5 2 0 2 1 1
-3940.1 -888.7 22.7 203 0 11.8 10.1 7.5 2.5 2 0 3 0 0
-3942.5 -921.7 22.3 24 0 8.7 9.3 5.0 2.5 2 1 2 5 5
-4151.9 -834.9 15.3 290 0 7.3 11.7 7.5 2.5 2 1 3 1 1
-4169.7 -829.2 14.7 290 0 7.3 11.6 7.5 2.5 2 1 3 3 3
-4188.6 -822.8 14.0 291 0 10.0 12.2 7.5 2.5 2 1 3 2 2
-4178.2 -826.4 14.4 290 0 7.3 11.6 5.0 2.5 2 1 2 2 2
-4135.7 -840.8 15.9 290 0 7.3 11.6 5.0 2.5 2 1 2 0 0
-1994.3 330.1 38.8 111 0 22.5 92.7 7.5 0.0 0 1 3 2 2
-2056.9 456.0 38.1 25 0 15.3 91.5 12.5 2.5 2 1 5 2 2
-2174.7 489.0 37.7 203 0 45.9 18.1 10.0 0.0 0 0 4 5 5
-3293.1 6275.4 -23.1 206 0 16.8 75.5 7.5 2.5 2 1 3 4 4
-3187.1 6186.1 -24.2 194 0 15.6 30.5 2.5 0.0 0 1 1 3 3
-3157.5 6233.8 -25.6 285 0 30.6 30.8 2.5 0.0 0 1 1 5 5
-3113.0 6256.9 -28.0 110 0 24.8 16.3 2.5 2.5 2 0 1 4 4
-3086.0 6248.4 -29.1 106 0 33.3 18.3 2.5 0.0 0 0 1 2 2
-3053.5 6239.8 -30.3 106 0 30.1 26.9 2.5 0.0 0 0 1 0 0
-2934.1 6193.4 -32.6 12 0 11.2 19.3 7.5 2.5 4 1 3 0 0
-2674.5 6265.9 -42.8 115 0 17.6 32.1 7.5 0.0 0 1 3 2 2
-2774.9 6038.4 -34.0 10 0 16.3 135.6 2.5 0.0 0 1 1 1 1
-3425.4 6301.9 -18.4 106 0 18.9 18.1 2.5 2.5 2 0 1 4 4
-2694.2 6091.4 -38.9 189 0 21.8 84.6 7.5 0.0 0 1 3 2 2
-3228.0 6205.8 -22.3 15 0 13.5 14.9 10.0 2.5 2 1 4 0 0
-2642.2 5838.0 -32.8 110 0 13.7 15.4 5.0 2.5 2 1 2 0 0
-3153.3 6354.6 -28.3 198 0 7.9 18.8 5.0 0.0 0 1 2 4 4
-6541.9 -210.0 9.5 294 0 130.0 55.7 10.0 0.0 0 0 4 3 3
-4626.0 1361.8 19.8 102 0 55.2 62.0 17.5 0.0 0 1 5 2 2
-4503.3 1277.6 21.3 105 0 8.2 12.2 10.5 0.0 0 1 3 5 5
-4458.3 1557.0 32.3 199 0 15.7 13.4 17.5 3.5 2 0 5 2 2
-4981.9 1820.5 14.0 17 0 7.5 19.2 10.5 3.5 2 1 3 3 3
-6803.9 -712.8 15.2 215 0 34.0 33.2 12.5 0.0 0 0 5 4 4
-4307.6 1285.0 26.5 191 0 13.0 9.1 10.5 3.5 2 0 3 4 4
-5035.0 1456.7 12.2 199 0 26.5 13.7 14.0 3.5 2 0 4 0 0
-5301.4 1478.5 8.6 123 0 10.2 24.0 17.5 3.5 4 1 5 3 3
-5865.8 865.5 -3.1 58 0 48.9 28.3 14.0 0.0 0 0 4 4 4
-5361.0 617.5 5.7 291 0 21.2 10.4 14.0 3.5 2 0 4 1 1
-5019.4 1404.4 10.5 199 0 28.1 8.4 10.5 3.5 2 0 3 2 2
-5248.3 1415.4 8.9 25 0 24.0 17.2 17.5 3.5 2 0 5 0 0
-5410.6 1288.0 8.9 200 0 13.3 30.9 14.0 3.5 4 1 4 5 5
