-4569.3 -2675.4 9.6 305 0 38.4 37.5 7.5 0.0 0 0 3 2 2
-5044.0 -1696.3 9.4 350 0 92.0 73.6 12.5 0.0 0 0 5 1 1
-2131.4 -3370.6 -13.0 103 0 21.9 36.2 10.0 0.0 0 1 4 1 1
-2127.4 -3162.3 -12.7 211 0 22.4 26.3 10.0 2.5 2 1 4 5 5
-2040.1 -4230.5 -1.2 273 0 14.8 16.1 7.5 2.5 2 1 3 4 4
-2023.2 -4222.1 -1.8 273 0 13.5 14.6 2.5 0.0 0 1 1 4 4
-1999.9 -4242.9 -1.0 3 0 6.7 10.7 7.5 2.5 2 1 3 2 2
-2000.1 -4252.7 -0.4 3 0 5.2 11.9 7.5 2.5 2 1 3 5 5
-2083.0 -4236.9 -0.8 183 0 11.5 14.9 7.5 2.5 2 1 3 4 4
-2082.5 -4225.3 -1.3 181 0 5.1 12.4 5.0 2.5 2 1 2 3 3
-2074.1 -4277.7 1.4 178 0 12.2 13.9 7.5 2.5 4 1 3 4 4
-2967.0 -4219.6 -9.2 42 0 19.0 16.0 7.5 2.5 2 0 3 3 3
-2923.1 -4363.2 -9.6 26 0 16.7 12.9 7.5 2.5 4 0 3 2 2
