5802.8 -685.2 -8.4 84 0 18.1 32.0 5.0 2.5 2 1 2 1 1
-4947.6 -3221.3 7.8 186 0 40.4 102.1 14.0 0.0 0 1 4 4 4
-4974.7 -3097.3 5.3 178 0 61.6 54.3 14.0 0.0 0 0 4 5 5
-4884.5 -3130.7 6.7 274 0 10.9 30.3 14.0 3.5 2 1 4 5 5
-5093.5 -3183.1 7.2 184 0 12.3 54.6 14.0 3.5 2 1 4 1 1
-4988.7 -3107.1 5.6 1 0 57.9 24.3 14.0 0.0 0 0 4 5 5
5749.7 -489.2 -10.2 172 0 13.3 20.9 14.0 3.5 4 1 4 2 2
5797.8 -414.6 -9.8 262 0 20.1 34.4 14.0 0.0 0 1 4 3 3
5750.4 -410.4 -11.3 265 0 23.4 11.4 14.0 3.5 2 0 4 5 5
5607.2 -222.2 -13.0 173 0 40.6 16.5 17.5 3.5 2 0 5 5 5
5553.7 -271.4 -10.9 250 0 9.1 19.2 10.5 3.5 2 1 3 2 2
5593.0 -311.6 -11.3 339 0 14.7 12.9 17.5 3.5 2 0 5 3 3
5544.3 -305.7 -10.5 152 0 13.7 10.9 17.5 3.5 2 0 5 4 4
5710.6 528.6 -12.0 6 0 14.5 17.7 10.0 2.5 2 0 4 3 3
5717.9 593.2 -11.9 3 0 15.8 16.9 12.5 2.5 2 1 5 0 0
5697.9 488.1 -11.8 101 0 15.5 10.6 7.5 0.0 0 0 3 1 1
5741.2 675.0 -11.7 86 0 21.8 9.4 7.5 0.0 0 0 3 1 1
5726.3 753.2 -12.1 261 0 10.3 14.3 2.5 2.5 2 1 1 0 0
5662.8 694.9 -12.8 268 0 17.7 14.8 7.5 2.5 2 0 3 2 2
5779.0 697.0 -11.1 1 0 12.1 16.4 2.5 0.0 0 1 1 0 0
5716.6 594.4 -11.9 0 0 15.2 14.8 5.0 2.5 2 0 2 4 4
5817.2 762.2 -11.8 0 0 11.1 15.7 10.0 2.5 2 1 4 4 4
5797.0 779.2 -12.2 1 0 24.3 12.9 10.0 2.5 2 0 4 1 1
5777.7 711.2 -11.2 355 0 10.9 13.2 5.0 2.5 2 1 2 4 4
