1413.1 -4690.7 -49.8 192 0 25.6 30.0 10.0 0.0 0 1 4 5 5
1602.3 -4671.2 -46.5 13 0 37.9 53.8 10.0 0.0 0 1 4 2 2
-1671.7 2413.0 -42.6 2 0 8.3 9.8 2.5 2.5 2 1 1 5 5
-897.1 2579.0 -27.9 289 0 6.3 10.6 7.5 2.5 2 1 3 4 4
-689.2 2507.7 -28.2 91 0 6.3 9.8 2.5 2.5 2 1 1 2 2
-971.9 2412.5 -32.3 115 0 14.8 19.0 7.5 2.5 2 1 3 2 2
-986.4 2501.0 -29.5 93 0 8.4 11.0 7.5 2.5 4 1 3 1 1
-1595.3 2314.9 -41.0 191 0 5.0 12.6 7.5 2.5 4 1 3 2 2
-1612.6 2408.3 -43.1 284 0 9.3 13.3 2.5 2.5 2 1 1 2 2
-1668.2 2499.9 -37.4 287 0 9.6 8.8 5.0 2.5 2 0 2 3 3
-1619.4 2417.5 -43.7 95 0 16.2 10.7 5.0 2.5 2 0 2 4 4
-910.2 2603.5 -29.0 289 0 8.2 14.3 2.5 2.5 2 1 1 3 3
-655.3 2531.0 -27.4 274 0 9.1 9.9 5.0 2.5 2 1 2 5 5
-969.8 2596.0 -31.1 272 0 4.7 7.0 7.5 2.5 2 1 3 0 0
-20.4 2792.3 -17.3 110 0 7.4 27.0 5.0 2.5 2 1 2 5 5
-1016.5 2496.8 -29.8 106 0 8.8 9.9 2.5 2.5 2 1 1 2 2
-1600.8 2290.9 -41.9 182 0 5.2 16.8 5.0 2.5 2 1 2 4 4
-1689.9 2483.7 -37.6 282 0 10.6 9.0 7.5 2.5 4 0 3 2 2
-1637.8 2400.8 -43.5 272 0 5.5 6.0 7.5 2.5 2 1 3 0 0
-1000.9 2548.6 -30.8 93 0 8.7 10.4 2.5 2.5 2 1 1 2 2
-1717.0 2405.1 -41.1 101 0 7.0 6.4 7.5 2.5 2 0 3 3 3
-1610.7 2465.0 -42.0 360 0 13.6 21.2 12.5 2.5 2 1 5 5 5
-1657.0 2411.0 -43.3 107 0 7.1 12.2 7.5 2.5 2 1 3 0 0
-877.8 2574.2 -27.1 287 0 9.9 11.1 7.5 2.5 2 1 3 4 4
-957.0 2497.3 -29.3 103 0 12.0 13.7 7.5 2.5 2 1 3 1 1
-988.0 2615.3 -32.2 276 0 9.4 11.1 2.5 2.5 2 1 1 0 0
-758.3 2515.1 -28.6 271 0 11.2 10.0 7.5 2.5 2 0 3 1 1
-1558.5 2390.4 -41.2 269 0 18.8 11.1 5.0 2.5 2 0 2 3 3
-997.0 2533.4 -30.1 93 0 4.3 6.0 5.0 2.5 4 1 2 0 0
-1719.0 2494.9 -35.8 285 0 21.0 8.8 7.5 0.0 0 0 3 0 0
-1621.6 2510.9 -38.6 286 0 4.5 10.1 5.0 2.5 4 1 2 4 4
-2032.8 2403.2 -42.9 110 0 9.2 6.5 7.5 2.5 2 0 3 5 5
-953.4 2557.5 -29.6 91 0 4.8 6.6 5.0 2.5 4 1 2 2 2
-1516.6 2431.4 -41.2 190 0 15.1 16.2 7.5 2.5 2 1 3 1 1
-995.3 2540.2 -30.3 95 0 6.7 6.9 5.0 2.5 2 1 2 2 2
-1697.6 2336.0 -44.2 12 0 21.4 27.4 10.0 2.5 2 1 4 2 2
-946.5 2603.7 -30.4 272 0 6.6 5.9 7.5 2.5 4 0 3 3 3
-963.5 2521.2 -28.9 90 0 7.2 7.4 7.5 2.5 2 1 3 3 3
-679.7 2546.6 -26.7 274 0 7.8 11.3 5.0 2.5 2 1 2 4 4
-979.6 2512.6 -29.1 88 0 9.8 7.7 7.5 2.5 2 0 3 0 0
-983.9 2598.6 -31.5 279 0 5.8 10.0 7.5 2.5 2 1 3 4 4
-45.7 2795.2 -19.4 110 0 7.0 35.3 7.5 0.0 0 1 3 1 1
-1628.2 2393.2 -43.2 275 0 16.2 12.6 5.0 0.0 0 0 2 3 3
-1599.6 2415.3 -43.1 93 0 7.6 7.3 7.5 2.5 2 0 3 4 4
-1672.6 2358.3 -43.2 191 0 8.1 16.1 7.5 2.5 2 1 3 1 1
-1644.8 2454.3 -41.0 96 0 8.7 6.8 7.5 2.5 2 0 3 1 1
-1696.1 2398.9 -42.6 11 0 14.3 17.2 10.0 2.5 2 1 4 5 5
-1666.5 2405.6 -43.2 99 0 7.2 10.0 7.5 2.5 2 1 3 1 1
-682.8 2507.7 -28.2 93 0 4.3 9.7 2.5 2.5 2 1 1 0 0
-971.7 2611.2 -31.7 275 0 16.6 12.1 5.0 2.5 2 0 2 1 1
13.0 2851.6 -17.3 295 0 9.1 38.4 7.5 0.0 0 1 3 5 5
-1014.3 2507.4 -30.0 104 0 10.9 9.8 7.5 2.5 2 0 3 5 5
-963.6 2543.8 -29.6 88 0 6.9 7.5 5.0 2.5 2 1 2 2 2
-1013.9 2600.9 -32.5 189 0 9.3 9.7 5.0 2.5 2 1 2 4 4
-971.6 2456.5 -31.4 293 0 15.5 17.5 10.0 2.5 2 1 4 4 4
-1635.7 2408.4 -43.7 181 0 6.6 9.5 2.5 2.5 2 1 1 1 1
-990.7 2547.6 -30.6 92 0 10.3 11.8 7.5 2.5 2 1 3 4 4
-1011.6 2537.2 -30.6 95 0 8.1 5.6 7.5 2.5 2 0 3 4 4
-773.4 2508.3 -28.9 264 0 7.8 9.2 7.5 2.5 2 1 3 4 4
-1703.5 2373.2 -43.8 11 0 8.3 10.8 5.0 2.5 2 1 2 0 0
-1670.4 2422.5 -42.0 0 0 7.3 9.6 7.5 2.5 2 1 3 4 4
-1677.0 2370.5 -44.0 11 0 9.9 8.0 7.5 2.5 2 0 3 2 2
-1639.8 2510.6 -38.2 274 0 10.8 12.5 5.0 0.0 0 1 2 4 4
-903.6 2599.0 -28.6 287 0 6.0 11.4 7.5 2.5 2 1 3 1 1
-1558.1 2406.1 -41.7 269 0 20.1 14.8 5.0 2.5 2 0 2 5 5
-1578.0 2372.1 -41.0 269 0 5.6 7.9 2.5 2.5 2 1 1 4 4
-1599.1 2298.0 -41.6 182 0 6.7 6.8 5.0 0.0 0 1 2 1 1
-1791.3 2391.3 -38.8 108 0 8.7 10.0 7.5 2.5 2 1 3 2 2
-1727.4 2407.3 -40.5 101 0 8.9 8.4 7.5 2.5 2 0 3 1 1
-1627.1 2444.3 -42.5 92 0 13.3 12.3 5.0 2.5 2 0 2 0 0
-687.5 2533.5 -27.3 271 0 5.1 9.2 7.5 2.5 2 1 3 5 5
-991.3 2485.4 -30.0 96 0 13.6 15.4 5.0 2.5 2 1 2 1 1
-127.0 2844.3 -22.9 288 0 9.3 86.7 7.5 2.5 2 1 3 5 5
-1004.0 2642.8 -33.4 277 0 8.5 25.9 2.5 0.0 0 1 1 5 5
-1136.0 2500.2 -33.0 102 0 9.6 8.5 7.5 2.5 2 0 3 4 4
-1633.7 2418.2 -43.7 97 0 9.4 11.4 5.0 0.0 0 1 2 1 1
-1685.9 2337.1 -43.0 191 0 11.3 17.8 7.5 2.5 2 1 3 5 5
-932.4 2617.7 -30.3 273 0 12.3 19.5 5.0 2.5 2 1 2 1 1
-891.9 2597.1 -28.2 288 0 9.6 8.7 2.5 2.5 2 0 1 4 4
-711.4 2547.1 -26.2 95 0 12.7 16.4 5.0 2.5 2 1 2 4 4
-32.5 2794.5 -18.4 109 0 6.7 29.8 5.0 2.5 2 1 2 3 3
-1039.2 2559.8 -31.9 186 0 7.5 12.0 2.5 2.5 2 1 1 1 1
-1024.1 2640.9 -33.9 188 0 7.8 10.2 5.0 0.0 0 1 2 2 2
-1137.4 2142.9 -43.1 19 0 32.5 32.0 10.0 0.0 0 0 4 0 0
-1702.4 2440.4 -39.3 15 0 6.4 4.9 7.5 2.5 2 0 3 3 3
-1338.2 2759.7 -34.5 266 0 8.2 9.0 5.0 0.0 0 1 2 2 2
-1667.5 2368.5 -43.4 191 0 10.5 12.8 2.5 2.5 4 1 1 3 3
-1707.8 2360.9 -44.0 11 0 14.6 15.4 5.0 2.5 2 1 2 4 4
-959.2 2538.5 -29.2 89 0 6.6 4.8 7.5 2.5 2 0 3 3 3
-1006.4 2585.0 -31.8 188 0 12.8 14.9 5.0 2.5 2 1 2 3 3
-1465.2 2528.1 -42.6 198 0 14.0 16.0 5.0 2.5 2 1 2 3 3
-1689.7 2393.6 -43.2 1 0 10.2 5.3 7.5 2.5 2 0 3 2 2
-2161.8 2289.1 -35.4 190 0 6.5 16.3 5.0 2.5 2 1 2 1 1
-1610.5 2478.7 -41.0 360 0 12.5 18.8 7.5 0.0 0 1 3 5 5
-967.4 2509.4 -29.0 95 0 8.6 9.1 7.5 2.5 2 1 3 2 2
-970.5 2628.5 -32.2 274 0 19.2 16.1 10.0 2.5 2 0 4 0 0
-981.7 2561.7 -30.7 90 0 7.2 10.5 5.0 2.5 2 1 2 0 0
-1686.5 2454.0 -39.1 3 0 7.3 11.7 7.5 2.5 2 1 3 2 2
-1357.6 2760.6 -33.8 261 0 8.3 12.3 5.0 2.5 2 1 2 5 5
-1743.6 2404.2 -40.0 101 0 9.1 5.6 7.5 2.5 4 0 3 4 4
-1673.7 2380.7 -44.0 11 0 8.7 9.0 5.0 2.5 2 1 2 5 5
-678.8 2533.4 -27.2 274 0 9.1 7.2 7.5 2.5 2 0 3 2 2
-752.2 2594.8 -24.3 190 0 14.0 12.8 5.0 2.5 2 0 2 1 1
-994.9 2595.7 -31.8 187 0 9.0 7.2 2.5 2.5 4 0 1 5 5
-873.9 2517.7 -28.3 106 0 6.7 17.6 7.5 2.5 2 1 3 4 4
-1133.4 2518.2 -33.3 283 0 11.1 8.7 7.5 2.5 2 0 3 4 4
-1558.5 2362.7 -40.4 359 0 3.6 9.1 7.5 0.0 0 1 3 0 0
-1723.3 2469.0 -37.4 193 0 8.3 15.4 5.0 2.5 2 1 2 0 0
-1607.3 2415.0 -43.3 94 0 5.7 8.8 7.5 2.5 2 1 3 3 3
-1679.3 2348.0 -43.1 191 0 9.2 13.7 7.5 0.0 0 1 3 1 1
-1633.1 2489.1 -40.0 271 0 6.0 14.7 7.5 2.5 4 1 3 1 1
-663.3 2542.3 -27.5 274 0 7.2 22.0 5.0 2.5 2 1 2 3 3
-6194.3 1875.2 -12.4 102 0 3.5 10.0 7.5 2.5 2 1 3 1 1
-6823.1 2524.8 -15.4 107 0 12.3 19.6 2.5 2.5 2 1 1 1 1
-6696.0 2751.7 -11.4 269 0 6.8 6.8 5.0 2.5 2 1 2 3 3
-6493.3 2506.9 -9.5 29 0 8.3 22.0 7.5 2.5 2 1 3 1 1
-6682.6 2770.2 -11.7 273 0 6.8 8.7 2.5 2.5 2 1 1 5 5
-6853.2 2218.1 -14.7 113 0 24.2 9.0 5.0 2.5 4 0 2 3 3
-6796.3 2425.5 -15.1 199 0 13.7 16.6 2.5 2.5 2 1 1 3 3
-6876.2 2607.3 -17.1 92 0 11.3 7.6 7.5 2.5 2 0 3 4 4
-6385.4 2548.0 -13.3 120 0 15.9 16.7 7.5 2.5 2 1 3 1 1
-6841.6 2337.1 -18.0 109 0 16.8 16.3 17.5 0.0 0 0 7 1 1
-6698.1 2770.0 -12.0 271 0 16.6 7.6 5.0 2.5 2 0 2 2 2
-5876.2 1963.7 -9.7 8 0 10.5 13.7 5.0 2.5 2 1 2 0 0
-6640.8 2744.1 -10.7 280 0 7.2 5.8 7.5 2.5 4 0 3 1 1
-6404.0 2558.7 -12.8 117 0 13.3 18.1 2.5 2.5 4 1 1 2 2
-6887.2 2639.9 -17.0 180 0 5.2 8.6 5.0 2.5 2 1 2 1 1
-6887.9 2688.7 -16.9 272 0 6.6 11.7 7.5 2.5 2 1 3 3 3
-5998.1 1921.5 -10.1 93 0 11.7 17.2 7.5 2.5 4 1 3 0 0
-6775.9 2610.7 -12.0 270 0 8.4 14.0 7.5 0.0 0 1 3 5 5
-6718.2 2736.6 -11.7 270 0 9.7 7.4 5.0 2.5 2 0 2 5 5
-6674.3 2660.6 -8.9 272 0 5.7 12.8 5.0 2.5 2 1 2 4 4
-6896.3 2656.8 -16.8 180 0 11.7 4.8 5.0 2.5 2 0 2 5 5
-6441.3 2771.1 -14.1 292 0 18.8 12.2 7.5 2.5 2 0 3 1 1
-6772.8 2641.9 -11.3 84 0 7.9 6.4 5.0 2.5 2 0 2 1 1
-6770.2 2690.7 -11.5 178 0 10.0 10.0 5.0 2.5 2 1 2 3 3
-6761.9 2621.2 -11.3 276 0 7.6 23.5 2.5 2.5 2 1 1 1 1
-6120.4 1773.5 -5.7 196 0 5.3 9.1 5.0 2.5 4 1 2 5 5
-6685.5 2652.4 -9.0 181 0 8.6 5.8 7.5 2.5 2 0 3 2 2
-6865.8 2262.2 -13.7 198 0 21.5 9.5 5.0 2.5 2 0 2 2 2
-6879.4 2570.4 -17.2 282 0 8.3 23.2 7.5 2.5 4 1 3 0 0
-6837.4 2231.2 -18.0 110 0 10.0 28.8 7.5 2.5 2 1 3 5 5
-6285.4 1896.4 -18.2 93 0 8.2 13.7 7.5 2.5 2 1 3 0 0
-6739.8 2379.5 -14.7 22 0 21.5 42.7 12.5 0.0 0 1 5 4 4
-6887.2 2585.0 -16.8 92 0 8.6 15.3 7.5 2.5 2 1 3 2 2
-6240.0 2447.3 -17.2 207 0 4.9 12.3 7.5 2.5 2 1 3 4 4
-6887.8 2319.2 -13.5 199 0 9.1 25.7 5.0 2.5 2 1 2 0 0
-5991.5 1970.3 -11.1 274 0 8.8 17.1 5.0 2.5 2 1 2 5 5
-6614.8 2755.4 -11.4 273 0 5.7 7.0 7.5 2.5 2 1 3 4 4
-6529.9 2510.2 -8.5 114 0 6.3 7.1 5.0 0.0 0 1 2 3 3
-6767.2 2740.2 -13.1 172 0 27.7 13.5 7.5 2.5 2 0 3 1 1
-6321.0 1903.4 -19.7 96 0 8.8 12.8 7.5 2.5 2 1 3 5 5
-6706.9 2735.3 -11.4 270 0 8.0 3.8 7.5 2.5 4 0 3 3 3
-6528.3 2803.6 -14.1 288 0 28.4 47.7 12.5 0.0 0 1 5 2 2
-6888.8 2659.4 -17.1 180 0 11.3 7.8 7.5 2.5 2 0 3 0 0
-6299.9 1932.4 -19.5 276 0 16.4 12.5 7.5 2.5 2 0 3 4 4
-6241.3 1918.4 -16.7 282 0 8.3 12.6 5.0 2.5 2 1 2 5 5
-6500.2 1957.8 -19.2 268 0 21.5 22.1 7.5 2.5 2 1 3 4 4
-6902.5 2624.6 -15.9 185 0 12.7 9.2 2.5 2.5 2 0 1 3 3
-6693.3 2614.0 -8.3 185 0 11.0 15.3 5.0 2.5 2 1 2 1 1
-6861.2 2552.8 -17.3 281 0 8.0 11.2 5.0 2.5 2 1 2 0 0
-6871.6 2683.5 -16.1 271 0 6.5 10.3 5.0 2.5 2 1 2 5 5
-6233.3 1914.2 -16.0 280 0 6.3 9.2 2.5 2.5 2 0 1 2 2
-6141.2 1865.8 -9.5 101 0 7.6 5.8 7.5 0.0 0 0 3 2 2
-6619.4 2479.4 -7.2 98 0 16.9 11.1 7.5 2.5 2 0 3 0 0
-6396.4 1940.7 -20.2 358 0 28.0 10.3 7.5 2.5 4 0 3 3 3
-6692.4 2563.9 -7.8 192 0 6.2 11.3 2.5 2.5 2 1 1 2 2
-6890.5 2386.4 -14.1 197 0 9.4 21.8 5.0 2.5 2 1 2 0 0
-6778.1 2269.8 -18.1 294 0 9.2 34.3 7.5 2.5 2 1 3 5 5
-6277.0 1891.0 -17.9 101 0 8.8 15.4 5.0 2.5 2 1 2 3 3
-6755.9 2116.0 -18.9 88 0 10.4 28.1 15.0 0.0 0 1 6 3 3
-6149.5 2463.7 -17.3 114 0 10.1 24.1 2.5 2.5 2 1 1 4 4
-6890.3 2571.0 -15.5 283 0 7.0 28.7 7.5 2.5 2 1 3 1 1
-6701.8 2557.2 -8.7 192 0 31.1 6.2 5.0 2.5 2 0 2 5 5
-5969.4 1919.8 -9.6 92 0 12.1 16.7 7.5 2.5 2 1 3 5 5
-6214.4 1882.2 -13.8 99 0 6.3 8.3 5.0 2.5 2 1 2 3 3
-6674.1 2675.1 -9.5 88 0 9.2 11.4 7.5 2.5 2 1 3 2 2
-6780.2 2223.5 -18.2 120 0 13.9 13.3 5.0 2.5 2 0 2 1 1
-6512.7 2568.2 -9.2 290 0 9.2 11.4 7.5 2.5 2 1 3 4 4
-6136.6 1878.6 -10.1 98 0 8.2 9.4 2.5 2.5 2 1 1 0 0
-6021.4 2448.1 -16.7 21 0 19.0 19.3 10.0 2.5 2 1 4 0 0
-6304.1 1896.2 -18.9 97 0 8.0 14.3 5.0 2.5 2 1 2 5 5
-6710.3 2753.7 -12.0 270 0 20.1 10.3 10.0 2.5 2 0 4 4 4
-6683.0 2710.5 -10.5 90 0 14.0 8.3 5.0 2.5 4 0 2 4 4
-6507.5 2593.6 -9.6 289 0 20.1 8.6 2.5 2.5 2 0 1 2 2
-6313.9 1935.5 -19.8 277 0 7.9 11.0 2.5 2.5 2 1 1 1 1
-6070.7 1933.5 -10.9 287 0 8.8 11.0 7.5 2.5 2 1 3 5 5
-6050.7 1914.1 -10.1 101 0 5.9 8.5 5.0 2.5 2 1 2 3 3
-6401.3 2579.5 -12.7 111 0 15.1 7.0 7.5 2.5 2 0 3 5 5
-6732.4 2653.7 -10.2 91 0 9.3 10.1 5.0 2.5 2 1 2 3 3
-6667.1 2545.7 -6.6 186 0 4.3 9.4 7.5 2.5 2 1 3 3 3
-5906.3 1930.4 -9.0 93 0 13.1 11.6 5.0 2.5 2 0 2 0 0
-6069.2 1915.3 -10.4 15 0 7.3 7.3 5.0 2.5 2 1 2 5 5
-6089.2 1939.2 -11.3 284 0 7.4 10.9 2.5 0.0 0 1 1 0 0
-6427.2 2019.5 -20.4 259 0 9.0 34.8 7.5 2.5 2 1 3 2 2
-6720.3 2656.4 -10.1 86 0 8.5 10.4 5.0 2.5 2 1 2 5 5
-6615.4 2713.7 -10.4 94 0 12.0 3.7 2.5 0.0 0 0 1 5 5
-6750.7 2672.5 -10.9 87 0 12.7 8.8 7.5 2.5 2 0 3 2 2
-6775.6 2618.7 -11.8 269 0 9.2 6.4 7.5 0.0 0 0 3 2 2
-6115.3 1854.0 -8.9 103 0 8.6 10.6 5.0 2.5 2 1 2 5 5
-6070.6 1868.5 -9.1 9 0 10.7 26.0 10.0 2.5 2 1 4 4 4
-6591.7 2659.0 -9.4 104 0 6.7 6.9 2.5 2.5 4 1 1 2 2
-6688.2 2586.7 -7.4 196 0 6.7 11.4 5.0 0.0 0 1 2 3 3
-6843.8 2375.4 -17.8 289 0 10.8 28.5 12.5 2.5 2 1 5 5 5
-6678.0 2688.7 -9.8 91 0 5.5 8.3 7.5 2.5 2 1 3 2 2
-6752.3 2161.2 -19.0 358 0 24.7 10.7 10.0 2.5 2 0 4 2 2
-6145.9 1881.9 -10.3 98 0 7.8 10.1 7.5 2.5 2 1 3 0 0
-6639.1 2213.3 -14.7 103 0 28.1 12.0 7.5 2.5 2 0 3 0 0
-6045.8 2526.7 -16.4 201 0 10.5 12.1 7.5 2.5 2 1 3 0 0
-6883.7 2351.7 -12.3 200 0 13.0 6.0 7.5 2.5 2 0 3 5 5
-6186.3 1879.6 -12.1 102 0 7.9 4.1 7.5 2.5 2 0 3 3 3
-6761.8 2703.8 -11.7 177 0 8.0 13.4 5.0 2.5 2 1 2 1 1
-6802.3 2625.6 -13.0 81 0 8.5 12.2 7.5 2.5 2 1 3 4 4
-6682.7 2720.5 -11.0 90 0 12.2 18.5 2.5 2.5 2 1 1 3 3
-6594.9 2700.5 -10.4 41 0 7.0 9.9 2.5 2.5 2 1 1 1 1
-6178.2 1869.5 -11.4 99 0 7.9 11.9 5.0 2.5 2 1 2 4 4
-5927.0 1911.8 -8.7 91 0 13.6 14.9 7.5 2.5 2 1 3 3 3
-4056.8 2859.2 -17.2 358 0 29.4 51.5 10.0 0.0 0 1 4 5 5
-4624.1 3053.3 -12.8 103 0 8.9 23.9 2.5 0.0 0 1 1 2 2
-3412.4 4105.1 -11.5 280 0 4.5 10.3 5.0 2.5 4 1 2 0 0
-3133.8 2053.7 -18.5 19 0 12.7 11.1 7.5 2.5 2 0 3 5 5
-4495.6 2337.8 0.0 283 0 9.9 10.2 5.0 2.5 2 1 2 3 3
-3547.7 1825.6 -15.2 176 0 12.0 9.1 5.0 2.5 2 0 2 4 4
-3508.4 1751.4 -11.9 0 0 16.5 12.0 10.0 2.5 2 0 4 4 4
-3850.6 2544.6 -4.5 270 0 17.7 8.3 2.5 2.5 2 0 1 4 4
-4327.9 2307.2 6.2 26 0 12.4 6.3 5.0 2.5 2 0 2 3 3
-3765.0 3657.1 -16.8 3 0 12.0 20.0 5.0 2.5 2 1 2 4 4
-3088.9 3744.4 -25.4 2 0 26.0 17.9 10.0 2.5 4 0 4 4 4
-3801.5 3497.7 -25.0 205 0 14.9 20.6 10.0 2.5 2 1 4 5 5
-4480.1 2326.4 0.6 20 0 8.8 10.8 5.0 2.5 2 1 2 3 3
-4580.5 3981.7 3.9 89 0 12.4 16.6 2.5 2.5 4 1 1 0 0
-4289.2 2473.2 -2.0 67 0 29.6 18.0 10.0 2.5 2 0 4 4 4
-3816.2 3630.6 -16.9 94 0 14.1 19.7 17.5 0.0 0 1 7 0 0
-2957.8 3473.2 -34.1 21 0 12.3 17.2 2.5 2.5 2 1 1 4 4
-4514.9 2339.0 -0.5 272 0 8.4 6.2 7.5 2.5 2 0 3 5 5
-3323.1 3057.4 -23.6 72 0 7.6 5.7 7.5 2.5 2 0 3 0 0
-3963.3 2901.2 -18.0 7 0 10.0 108.7 10.0 2.5 2 1 4 4 4
-3773.6 2545.6 -6.4 125 0 12.4 23.6 10.0 2.5 2 1 4 0 0
-4600.2 3105.5 -13.8 279 0 9.6 17.9 5.0 2.5 2 1 2 0 0
-3400.5 4066.2 -12.4 98 0 8.8 6.0 7.5 2.5 4 0 3 1 1
-2752.9 3996.1 -31.5 272 0 12.0 13.0 5.0 0.0 0 1 2 2 2
-3851.8 3680.7 -14.3 180 0 14.0 25.5 10.0 2.5 2 1 4 4 4
-3880.6 2468.2 -5.1 107 0 4.7 10.0 7.5 2.5 2 1 3 5 5
-3528.5 1851.6 -16.0 269 0 18.7 15.2 7.5 2.5 2 0 3 5 5
-4553.4 2032.9 7.8 17 0 11.9 9.0 2.5 0.0 0 0 1 4 4
-3895.8 2536.6 -3.8 274 0 28.8 18.1 7.5 2.5 4 0 3 3 3
-4554.0 3990.8 3.1 87 0 15.5 22.9 12.5 2.5 2 1 5 3 3
-3425.0 4091.9 -11.4 193 0 6.7 8.8 2.5 2.5 2 1 1 5 5
-3741.8 2626.6 -5.9 152 0 23.5 20.4 10.0 2.5 2 0 4 5 5
-3735.7 3490.5 -25.9 11 0 8.5 11.5 5.0 2.5 2 1 2 0 0
-4621.5 2418.6 -6.1 271 0 7.9 21.2 5.0 2.5 2 1 2 2 2
-3508.5 1771.0 -12.7 359 0 10.2 16.3 5.0 2.5 2 1 2 5 5
-4641.5 2995.7 -11.0 185 0 11.3 11.4 5.0 2.5 2 1 2 3 3
-3862.1 2146.4 -13.0 93 0 10.7 22.9 5.0 2.5 2 1 2 3 3
-3852.2 3666.3 -14.6 184 0 9.2 10.3 2.5 0.0 0 1 1 4 4
-3200.8 2019.7 -17.5 203 0 10.1 12.7 5.0 2.5 2 1 2 4 4
-2746.1 3929.6 -31.9 91 0 9.0 10.3 7.5 0.0 0 1 3 0 0
-3768.0 3548.1 -22.4 190 0 8.0 5.9 7.5 2.5 2 0 3 3 3
-3518.0 1827.2 -15.4 0 0 15.4 18.3 7.5 2.5 2 1 3 5 5
-3825.2 2549.3 -5.3 272 0 13.2 19.5 7.5 2.5 2 1 3 5 5
-3805.5 3485.2 -25.0 206 0 8.0 9.7 7.5 2.5 2 1 3 3 3
-3751.2 3591.6 -20.3 8 0 7.4 9.5 7.5 2.5 2 1 3 5 5
-3773.4 3495.9 -25.0 191 0 7.0 9.7 7.5 2.5 2 1 3 0 0
-3475.7 3899.9 -10.9 14 0 8.7 5.0 2.5 2.5 2 0 1 1 1
-2747.2 1962.6 -22.0 207 0 4.8 11.3 5.0 2.5 2 1 2 4 4
-4396.3 2391.2 0.2 208 0 7.3 15.7 7.5 2.5 2 1 3 1 1
-4607.2 2423.0 -6.1 270 0 15.2 17.8 17.5 0.0 0 1 7 0 0
-3561.6 1951.1 -19.2 182 0 10.7 10.5 7.5 2.5 2 0 3 5 5
-4540.0 2297.8 0.8 4 0 11.1 9.4 7.5 2.5 2 0 3 2 2
-3881.5 2571.1 -2.8 90 0 17.2 10.4 5.0 2.5 2 0 2 0 0
-3765.9 2764.0 -10.8 180 0 25.1 12.9 12.5 2.5 2 0 5 2 2
-4555.6 3024.8 -13.5 265 0 6.8 5.3 7.5 2.5 4 0 3 3 3
-4532.3 2333.9 -0.5 281 0 8.8 13.1 5.0 2.5 2 1 2 0 0
-3805.4 3567.6 -20.4 25 0 13.8 19.9 10.0 2.5 2 1 4 5 5
-4293.8 2783.9 -19.2 2 0 18.7 23.1 15.0 0.0 0 1 6 3 3
-4480.9 2008.9 4.5 90 0 7.3 15.7 2.5 2.5 2 1 1 2 2
-3806.0 3608.3 -18.2 95 0 11.0 18.0 7.5 2.5 2 1 3 2 2
-3429.6 4106.0 -11.0 196 0 9.0 5.6 2.5 2.5 2 0 1 5 5
-3845.6 3619.7 -16.9 103 0 18.9 13.2 10.0 2.5 2 0 4 2 2
-3977.4 2742.2 -7.2 88 0 33.8 13.3 7.5 2.5 2 0 3 2 2
-3777.4 3531.5 -23.1 208 0 7.3 7.9 7.5 2.5 2 1 3 1 1
-3462.9 3713.6 -19.8 277 0 7.5 5.1 2.5 2.5 2 0 1 2 2
-4478.2 3208.0 -15.9 42 0 18.6 34.9 12.5 0.0 0 1 5 3 3
-3294.8 3708.8 -21.6 100 0 12.7 18.7 7.5 2.5 2 1 3 0 0
-3817.7 3682.1 -15.3 274 0 12.4 23.4 10.0 2.5 2 1 4 2 2
-3090.2 3713.0 -25.2 4 0 13.2 20.9 7.5 2.5 2 1 3 3 3
-3768.0 3783.3 -10.6 197 0 16.4 9.4 7.5 2.5 2 0 3 5 5
-3720.4 2919.3 -10.0 270 0 26.5 25.0 10.0 0.0 0 0 4 5 5
-4636.9 2420.9 -6.5 271 0 9.4 14.3 7.5 2.5 2 1 3 2 2
-3720.2 3488.3 -26.4 3 0 10.6 11.5 5.0 2.5 2 1 2 1 1
-3530.5 1957.4 -18.9 265 0 8.7 9.5 5.0 2.5 2 1 2 1 1
-3865.7 2517.3 -4.5 276 0 8.7 5.1 5.0 0.0 0 0 2 4 4
-4634.7 2926.2 -11.0 96 0 7.3 19.2 7.5 2.5 2 1 3 4 4
-4584.7 2385.5 -3.9 272 0 7.9 21.2 2.5 2.5 2 1 1 5 5
-4610.0 4044.8 5.9 267 0 12.3 10.1 5.0 2.5 2 0 2 2 2
-3170.1 2012.5 -17.0 18 0 9.5 5.8 5.0 0.0 0 0 2 5 5
-4663.6 2326.2 -2.8 114 0 8.2 13.2 2.5 2.5 4 1 1 3 3
-3352.3 3087.4 -23.5 152 0 21.5 14.1 10.0 2.5 2 0 4 2 2
-4315.7 2824.0 -20.4 289 0 13.3 11.7 5.0 2.5 4 0 2 1 1
-2812.6 3459.7 -34.4 15 0 12.4 15.6 10.0 0.0 0 1 4 3 3
-3151.7 3562.5 -32.7 20 0 4.6 9.0 2.5 2.5 2 1 1 0 0
-4622.6 2287.8 -0.2 115 0 8.8 10.9 7.5 2.5 2 1 3 2 2
-3732.3 3680.2 -16.5 2 0 18.0 20.3 10.0 2.5 4 1 4 2 2
-3770.8 2840.3 -8.7 179 0 38.0 16.5 10.0 2.5 2 0 4 4 4
-3435.9 4095.7 -11.0 190 0 8.5 8.3 2.5 2.5 2 0 1 4 4
-3749.9 3602.3 -19.9 10 0 10.8 26.8 12.5 2.5 2 1 5 5 5
-4061.3 2810.6 -15.1 359 0 58.4 36.6 10.0 0.0 0 0 4 1 1
-4271.8 1760.4 -9.0 182 0 11.5 32.8 12.5 2.5 2 1 5 2 2
-3768.8 2809.5 -9.1 179 0 7.3 15.0 5.0 2.5 4 1 2 2 2
-4602.7 3082.8 -13.2 285 0 11.4 16.8 7.5 2.5 2 1 3 0 0
-4576.0 2279.3 1.1 112 0 9.4 7.1 7.5 2.5 2 0 3 5 5
-4649.4 1973.4 10.3 200 0 14.0 26.1 10.0 2.5 2 1 4 0 0
-4173.9 2324.1 1.2 19 0 15.9 9.6 7.5 2.5 2 0 3 5 5
-3770.8 3509.4 -24.6 192 0 16.8 9.7 5.0 2.5 2 0 2 3 3
-4525.3 3018.5 -14.3 1 0 19.6 19.3 7.5 2.5 2 0 3 2 2
-3294.4 3112.1 -25.7 348 0 16.7 17.3 7.5 2.5 2 1 3 4 4
-4534.2 2270.7 1.9 28 0 20.0 11.7 5.0 2.5 2 0 2 3 3
-3091.4 3696.0 -25.1 2 0 12.9 22.9 7.5 0.0 0 1 3 5 5
-3800.6 3525.1 -22.6 30 0 11.3 32.5 12.5 2.5 2 1 5 1 1
-3391.2 4090.7 -12.4 10 0 5.5 9.7 5.0 2.5 2 1 2 3 3
-4537.1 4022.0 3.1 269 0 9.4 8.5 2.5 2.5 4 0 1 1 1
-3780.2 3561.7 -21.3 26 0 17.0 14.8 10.0 2.5 4 0 4 2 2
-3838.2 3669.6 -14.5 180 0 5.3 7.5 5.0 2.5 2 1 2 5 5
-2770.1 3291.5 -35.0 359 0 13.1 26.0 7.5 2.5 2 1 3 3 3
-4609.9 4018.9 5.6 89 0 13.7 14.1 5.0 2.5 2 1 2 2 2
-3528.4 1742.3 -12.0 92 0 11.3 22.2 17.5 0.0 0 1 7 2 2
-3304.6 3521.2 -33.2 112 0 9.5 11.4 7.5 2.5 2 1 3 3 3
-3423.9 4101.0 -11.3 191 0 7.2 6.7 5.0 2.5 2 0 2 2 2
-4586.4 2284.1 0.8 114 0 8.1 6.0 7.5 2.5 2 0 3 1 1
-3797.4 3677.7 -16.2 275 0 22.8 24.1 10.0 2.5 2 1 4 1 1
-3786.3 2758.9 -8.6 358 0 31.4 8.7 7.5 2.5 4 0 3 2 2
-3193.9 2251.2 -27.8 26 0 21.5 13.4 12.5 2.5 2 0 5 0 0
-4178.4 2305.3 1.0 27 0 12.2 10.7 5.0 2.5 2 0 2 0 0
-3185.2 3536.0 -33.4 295 0 30.4 6.7 5.0 2.5 2 0 2 1 1
-3751.5 3660.6 -17.0 4 0 15.0 10.3 2.5 2.5 2 0 1 4 4
-3636.1 2775.6 -15.9 85 0 19.8 16.0 10.0 2.5 2 0 4 2 2
-3619.8 3552.5 -25.6 18 0 25.5 13.0 10.0 2.5 4 0 4 4 4
-4572.2 2354.1 -2.6 0 0 8.9 20.3 2.5 2.5 2 1 1 5 5
-4616.0 2371.3 -3.9 0 0 5.4 8.7 2.5 2.5 2 1 1 5 5
-3100.1 3726.0 -25.0 5 0 8.0 11.0 2.5 2.5 2 1 1 4 4
-4632.8 1876.5 9.8 24 0 36.1 28.6 7.5 0.0 0 0 3 2 2
-2987.5 3452.8 -34.2 194 0 14.6 22.9 10.0 2.5 2 1 4 4 4
-3724.6 3465.2 -27.3 14 0 13.2 9.7 7.5 2.5 4 0 3 4 4
-4647.8 2350.3 -3.8 94 0 6.3 13.4 7.5 2.5 2 1 3 1 1
-3867.3 2535.9 -4.3 270 0 14.0 13.6 2.5 0.0 0 0 1 3 3
-4630.2 4047.6 6.5 269 0 15.6 12.0 5.0 2.5 4 0 2 4 4
-4357.3 2776.2 -19.6 184 0 10.9 11.4 5.0 2.5 2 1 2 5 5
-3392.8 4083.4 -12.4 10 0 6.1 9.0 7.5 2.5 4 1 3 0 0
-4627.1 2334.3 -3.5 96 0 17.2 27.8 10.0 0.0 0 1 4 1 1
-4599.9 2067.8 9.9 202 0 13.8 6.1 7.5 2.5 2 0 3 0 0
-3762.8 3673.9 -16.0 2 0 13.4 21.6 12.5 2.5 2 1 5 0 0
-3513.6 1808.3 -14.7 1 0 15.0 16.1 7.5 2.5 2 1 3 5 5
-4512.9 2275.6 2.3 42 0 33.7 7.5 7.5 2.5 4 0 3 4 4
-3666.8 2666.8 -7.5 254 0 30.9 13.0 12.5 2.5 2 0 5 5 5
-4572.9 2344.5 -1.7 273 0 5.2 9.0 5.0 0.0 0 1 2 3 3
-4320.3 2458.0 -2.3 19 0 13.7 22.9 12.5 2.5 2 1 5 2 2
-3212.1 2283.5 -28.7 291 0 10.2 19.6 7.5 2.5 2 1 3 1 1
-4651.6 2375.0 -4.5 272 0 11.9 4.1 5.0 2.5 2 0 2 5 5
-3786.4 3638.3 -17.4 2 0 17.5 20.4 12.5 2.5 2 1 5 2 2
-4625.2 2024.0 10.2 202 0 13.0 20.2 5.0 2.5 2 1 2 4 4
-3426.8 4119.1 -11.8 186 0 9.6 26.3 7.5 2.5 2 1 3 2 2
-3313.5 3060.3 -24.0 75 0 7.9 7.6 5.0 2.5 2 0 2 3 3
-3778.9 3577.2 -20.4 28 0 7.6 15.4 5.0 2.5 2 1 2 1 1
-2708.9 3927.9 -31.4 110 0 7.5 11.1 7.5 2.5 2 1 3 3 3
-3809.5 3245.8 -23.4 89 0 31.7 130.7 10.0 0.0 0 1 4 0 0
-4653.8 2357.3 -4.0 95 0 5.7 8.1 5.0 2.5 2 1 2 5 5
-3317.6 3179.3 -26.1 9 0 6.6 10.8 2.5 2.5 4 1 1 2 2
-3882.2 3620.3 -16.9 196 0 12.5 23.4 7.5 2.5 2 1 3 4 4
-3394.1 4075.8 -12.4 10 0 5.6 9.2 7.5 2.5 2 1 3 4 4
-3129.3 3556.5 -33.4 197 0 20.1 12.3 5.0 2.5 2 0 2 0 0
-4472.5 4019.0 1.4 89 0 19.5 15.8 15.0 0.0 0 0 6 2 2
-3088.4 3674.9 -26.4 3 0 18.4 21.5 15.0 0.0 0 1 6 1 1
-3741.4 3615.9 -19.4 6 0 12.3 21.8 15.0 0.0 0 1 6 3 3
-3721.0 3684.4 -18.1 190 0 57.8 22.6 10.0 2.5 2 0 4 0 0
-3128.4 3733.4 -24.6 185 0 11.1 6.5 7.5 0.0 0 0 3 1 1
-3736.4 3635.2 -18.8 9 0 21.6 21.3 10.0 2.5 4 0 4 4 4
-4450.9 4032.0 1.7 87 0 16.0 11.6 5.0 2.5 2 0 2 1 1
-3653.1 3632.7 -21.0 15 0 35.5 23.6 10.0 0.0 0 0 4 5 5
-3138.0 3715.1 -24.6 182 0 18.7 18.3 10.0 2.5 2 0 4 2 2
-3774.8 3615.6 -18.5 93 0 10.0 31.2 7.5 2.5 2 1 3 0 0
-3140.4 3667.4 -27.2 183 0 33.6 23.8 15.0 0.0 0 0 6 3 3
-4504.2 4081.1 4.3 179 0 14.7 17.4 7.5 2.5 2 1 3 1 1
-3690.6 3621.5 -20.2 104 0 10.8 27.0 10.0 2.5 2 1 4 5 5
-4609.6 3906.9 3.4 4 0 13.3 13.6 2.5 2.5 2 1 1 1 1
-3147.9 3695.2 -24.8 183 0 14.9 30.0 12.5 2.5 2 1 5 1 1
-3107.4 3604.8 -30.4 92 0 21.2 29.7 12.5 0.0 0 1 5 1 1
-5751.6 2010.4 -9.2 180 0 10.9 18.1 2.5 0.0 0 1 1 3 3
-4926.1 3022.2 -8.3 94 0 8.6 22.7 2.5 2.5 2 1 1 5 5
-4702.1 2146.2 5.9 194 0 6.8 12.4 5.0 2.5 2 1 2 1 1
-5753.9 1987.8 -8.6 185 0 5.4 8.9 5.0 2.5 2 1 2 1 1
-4931.7 2993.4 -6.8 272 0 7.2 11.9 7.5 2.5 2 1 3 0 0
-4740.4 1891.3 12.5 92 0 19.9 21.7 10.0 2.5 2 1 4 2 2
-4746.3 2982.2 -8.9 2 0 17.5 18.7 10.0 2.5 2 1 4 1 1
-6008.4 1896.2 -8.7 272 0 12.0 12.5 2.5 2.5 2 1 1 0 0
-4931.7 1877.5 13.8 12 0 12.7 10.9 5.0 2.5 2 0 2 4 4
-5541.9 1840.3 -7.9 198 0 25.6 11.3 17.5 0.0 0 0 7 3 3
-4867.2 3004.9 -8.0 182 0 4.3 10.6 5.0 2.5 2 1 2 3 3
-5907.6 1766.9 -2.1 96 0 12.0 7.6 2.5 2.5 2 0 1 3 3
-5772.0 1911.0 -5.8 6 0 5.4 5.7 7.5 2.5 2 1 3 4 4
-4903.9 3140.2 -10.2 184 0 10.3 13.9 5.0 2.5 2 1 2 4 4
-5732.3 2062.3 -8.2 192 0 6.7 9.8 5.0 2.5 4 1 2 4 4
-6031.7 1901.8 -9.1 271 0 3.6 14.0 2.5 2.5 2 1 1 1 1
-5921.4 1798.1 -3.7 102 0 11.0 7.3 7.5 2.5 2 0 3 3 3
-5711.8 2163.9 -6.1 189 0 10.2 3.9 7.5 2.5 2 0 3 1 1
-5799.9 1929.2 -7.0 276 0 9.6 8.3 7.5 0.0 0 0 3 4 4
-5538.7 2084.9 0.3 98 0 7.0 17.4 7.5 2.5 2 1 3 4 4
-4867.1 3012.6 -8.2 182 0 8.2 7.5 2.5 2.5 2 0 1 3 3
-5190.0 1736.5 -0.1 19 0 31.4 18.8 12.5 2.5 4 0 5 5 5
-4778.6 3298.7 -9.3 184 0 7.6 14.5 5.0 2.5 2 1 2 4 4
-5604.6 2177.6 -0.8 284 0 13.5 7.6 7.5 2.5 2 0 3 3 3
-5791.3 1823.7 -2.5 5 0 8.7 12.6 2.5 2.5 2 1 1 5 5
-5706.2 2069.5 -6.8 183 0 15.1 8.4 5.0 2.5 4 0 2 2 2
-4874.3 2967.2 -7.5 92 0 7.1 25.2 5.0 2.5 2 1 2 5 5
-4795.2 2326.3 -4.5 179 0 6.1 6.5 7.5 2.5 2 1 3 2 2
-4806.5 3030.6 -9.6 185 0 4.4 24.9 2.5 2.5 2 1 1 2 2
-4847.8 2064.9 8.0 185 0 14.0 18.2 12.5 2.5 2 1 5 3 3
-6058.2 1842.2 -7.4 186 0 7.3 10.7 2.5 2.5 4 1 1 2 2
-4787.6 2965.1 -8.1 92 0 10.2 13.5 5.0 2.5 2 1 2 2 2
-5816.9 1810.8 -2.2 95 0 8.5 4.1 5.0 2.5 2 0 2 1 1
-5682.0 2074.5 -6.1 279 0 17.8 11.6 2.5 0.0 0 0 1 2 2
-5313.1 2137.8 9.2 15 0 6.6 6.9 5.0 2.5 2 1 2 4 4
-5990.7 1904.8 -8.8 269 0 16.5 9.5 7.5 2.5 2 0 3 2 2
-5475.4 1846.5 -5.2 118 0 6.0 17.0 7.5 2.5 2 1 3 0 0
-4883.7 3030.3 -8.5 182 0 8.7 7.9 5.0 2.5 2 0 2 5 5
-4836.2 2091.5 7.0 274 0 17.9 12.8 5.0 2.5 2 0 2 1 1
-6057.6 1788.5 -5.5 194 0 9.0 19.5 2.5 0.0 0 1 1 2 2
-6019.4 1866.8 -7.8 179 0 8.4 4.7 5.0 2.5 2 0 2 5 5
-4844.3 1853.3 14.1 358 0 20.5 6.7 2.5 2.5 2 0 1 1 1
-5694.6 1959.6 -8.3 7 0 7.6 13.2 2.5 2.5 2 1 1 4 4
-4732.3 2339.2 -4.4 25 0 6.5 8.9 5.0 2.5 2 1 2 4 4
-4850.4 3010.5 -8.2 272 0 4.8 9.9 5.0 2.5 2 1 2 1 1
-4700.4 3049.0 -11.1 0 0 7.7 15.2 2.5 2.5 2 1 1 0 0
-4886.3 3064.5 -9.4 9 0 14.5 8.8 2.5 2.5 2 0 1 4 4
-6009.7 1851.7 -7.1 185 0 7.9 10.0 7.5 2.5 2 1 3 5 5
-5914.9 1809.5 -4.0 7 0 3.6 10.1 2.5 2.5 2 1 1 3 3
-5002.5 2086.2 7.3 197 0 20.1 36.2 10.0 0.0 0 1 4 4 4
-5736.9 1981.4 -8.1 180 0 4.1 7.4 7.5 2.5 2 1 3 2 2
-5512.0 2080.2 1.0 96 0 8.9 9.6 7.5 2.5 2 1 3 0 0
-4801.0 2353.1 -6.1 181 0 13.2 12.4 7.5 2.5 2 0 3 4 4
-4881.3 3008.0 -8.0 182 0 7.2 9.2 7.5 2.5 2 1 3 1 1
-4799.7 3024.6 -9.2 275 0 8.8 9.3 7.5 2.5 4 1 3 5 5
-4895.5 2058.6 7.2 12 0 15.5 35.8 10.0 2.5 2 1 4 2 2
-5512.2 2145.0 2.7 7 0 5.3 11.7 5.0 2.5 2 1 2 5 5
-5968.2 1819.1 -5.5 94 0 5.6 7.8 7.5 0.0 0 1 3 5 5
-5964.4 1841.8 -6.1 274 0 5.7 5.9 2.5 2.5 2 1 1 5 5
-5669.9 2055.7 -5.2 98 0 7.9 5.4 5.0 0.0 0 0 2 4 4
-5383.8 2189.5 8.6 204 0 5.1 19.6 5.0 2.5 2 1 2 1 1
-4667.0 2139.0 6.2 19 0 13.9 16.5 2.5 2.5 2 1 1 3 3
-4855.1 3047.9 -9.2 279 0 11.4 11.3 2.5 2.5 2 0 1 2 2
-4903.3 3013.1 -7.7 272 0 6.6 10.4 7.5 0.0 0 1 3 4 4
-4661.5 2119.4 7.7 13 0 7.2 6.7 5.0 2.5 2 0 2 0 0
-4764.2 2405.4 -7.8 272 0 7.0 4.7 5.0 2.5 2 0 2 3 3
-4910.0 3066.7 -9.1 4 0 9.3 7.6 7.5 2.5 2 0 3 4 4
-5683.4 1798.2 -2.6 19 0 12.9 17.6 2.5 2.5 2 1 1 3 3
-5975.3 1868.2 -7.2 266 0 6.3 8.2 5.0 2.5 2 1 2 3 3
-5733.4 2098.4 -7.9 193 0 11.4 7.6 5.0 2.5 2 0 2 4 4
-6013.4 1808.7 -5.9 107 0 9.0 9.8 7.5 2.5 2 1 3 3 3
-5400.8 1973.4 1.1 107 0 12.9 8.7 5.0 2.5 2 0 2 0 0
-4857.1 1771.7 12.4 95 0 3.6 8.3 7.5 2.5 2 1 3 1 1
-6002.1 1882.3 -8.1 272 0 6.3 8.4 5.0 2.5 4 1 2 0 0
-4947.2 3034.5 -8.1 92 0 3.8 15.2 5.0 2.5 4 1 2 4 4
-4800.5 2366.4 -6.5 180 0 3.1 10.0 7.5 2.5 2 1 3 3 3
-5684.3 1822.2 -3.8 16 0 18.7 7.2 7.5 2.5 2 0 3 4 4
-4842.1 2995.4 -8.3 92 0 9.9 12.3 7.5 2.5 2 1 3 5 5
-5990.5 1853.8 -6.9 273 0 7.8 10.3 2.5 0.0 0 1 1 0 0
-4800.7 2999.2 -8.9 92 0 7.7 12.7 5.0 2.5 2 1 2 2 2
-5929.6 1760.6 -2.2 96 0 7.6 8.1 2.5 2.5 2 1 1 3 3
-5962.0 1815.9 -5.3 93 0 3.5 10.9 7.5 2.5 4 1 3 5 5
-4733.7 2363.3 -5.6 89 0 4.6 8.4 2.5 2.5 2 1 1 1 1
-4862.4 3075.3 -10.1 87 0 8.7 9.7 7.5 2.5 2 1 3 0 0
-4764.7 2327.3 -4.4 105 0 5.6 10.5 2.5 2.5 2 1 1 5 5
-4804.6 2980.5 -8.4 93 0 18.9 14.3 10.0 2.5 2 0 4 2 2
-4888.4 3132.5 -10.5 184 0 4.4 9.3 5.0 2.5 2 1 2 0 0
-5693.1 2092.3 -6.2 275 0 9.6 7.7 7.5 2.5 2 0 3 5 5
-5493.5 2419.7 2.2 208 0 10.3 18.5 5.0 0.0 0 1 2 2 2
-4871.4 3096.0 -10.5 185 0 8.1 9.5 7.5 2.5 2 1 3 4 4
-4747.3 2327.7 -4.1 16 0 8.1 9.5 7.5 0.0 0 1 3 2 2
-5403.3 1902.3 -1.6 283 0 12.4 8.3 7.5 2.5 4 0 3 5 5
-4902.0 3037.1 -8.5 5 0 13.2 9.7 7.5 2.5 2 0 3 0 0
-4910.1 3055.5 -8.9 3 0 11.6 18.3 7.5 2.5 2 1 3 5 5
-5703.4 2054.6 -7.0 93 0 8.7 4.9 5.0 2.5 2 0 2 4 4
-5984.6 1757.5 -2.8 193 0 6.4 18.4 2.5 2.5 2 1 1 3 3
-4892.3 2837.3 -3.2 101 0 7.0 7.4 7.5 0.0 0 1 3 3 3
-4936.2 1837.4 11.9 11 0 29.9 18.3 12.5 2.5 2 0 5 5 5
-5432.6 1956.3 -1.0 286 0 21.7 13.1 10.0 2.5 4 0 4 1 1
-4827.2 3063.3 -10.2 195 0 7.6 28.1 7.5 2.5 4 1 3 3 3
-4950.5 1777.7 8.6 12 0 16.5 61.1 10.0 2.5 4 1 4 1 1
-4902.6 2900.4 -4.6 282 0 16.3 29.9 10.0 2.5 2 1 4 5 5
-6055.0 1863.3 -8.2 185 0 10.9 11.8 5.0 2.5 2 1 2 3 3
-4821.6 3678.3 0.5 88 0 7.2 9.1 7.5 2.5 2 1 3 2 2
-5513.3 2516.9 -1.6 199 0 6.5 10.5 5.0 2.5 2 1 2 4 4
-5053.5 3348.6 -3.5 105 0 20.2 17.8 7.5 2.5 2 0 3 5 5
-5010.0 3674.3 2.6 358 0 8.2 16.2 5.0 2.5 2 1 2 5 5
-5001.3 2982.9 -6.2 92 0 8.1 18.1 7.5 2.5 2 1 3 2 2
-5736.1 3134.8 -0.1 7 0 20.1 10.4 10.0 2.5 2 0 4 2 2
-6694.3 3723.4 8.4 15 0 6.5 5.2 5.0 2.5 2 0 2 1 1
-6819.4 3090.4 -4.8 91 0 19.1 10.5 2.5 0.0 0 0 1 4 4
-4952.8 3067.3 -8.6 273 0 9.9 13.3 5.0 2.5 2 1 2 4 4
-5897.9 2306.7 -14.4 291 0 18.6 28.0 12.5 2.5 2 1 5 3 3
-5805.5 2243.7 -10.2 117 0 13.6 22.2 12.5 2.5 2 1 5 1 1
-4699.7 2368.9 -5.3 107 0 11.9 6.9 7.5 2.5 2 0 3 4 4
-6836.3 3683.4 4.0 187 0 15.6 6.0 2.5 0.0 0 0 1 5 5
-5778.7 2272.8 -8.9 17 0 9.5 11.4 7.5 2.5 2 1 3 4 4
-4846.8 4037.7 10.0 359 0 10.3 12.8 2.5 2.5 2 1 1 2 2
-6891.2 3122.0 -2.4 5 0 7.8 9.8 7.5 2.5 4 1 3 0 0
-5160.8 2887.9 -1.2 3 0 7.2 9.7 7.5 2.5 2 1 3 4 4
-5770.7 2572.0 -10.3 103 0 12.8 12.8 5.0 2.5 2 0 2 0 0
-6457.2 2894.5 -13.4 12 0 9.4 25.6 7.5 2.5 2 1 3 5 5
-4748.4 4126.2 11.2 184 0 5.9 5.6 2.5 2.5 2 0 1 2 2
-6896.9 3659.4 0.0 278 0 9.0 4.4 7.5 2.5 2 0 3 4 4
-5192.3 4085.9 9.0 271 0 10.4 10.4 5.0 2.5 2 1 2 0 0
-6641.9 2567.0 -6.3 180 0 13.7 9.2 5.0 2.5 2 0 2 0 0
-5190.1 4113.5 8.2 92 0 10.3 7.5 7.5 2.5 2 0 3 4 4
-6020.6 2768.8 -13.1 286 0 11.7 23.2 7.5 2.5 2 1 3 0 0
-5145.1 2816.8 0.5 2 0 10.1 12.1 7.5 2.5 2 1 3 4 4
-6743.3 3714.2 6.8 9 0 7.6 11.4 7.5 2.5 4 1 3 3 3
-6042.0 2274.7 -18.0 200 0 9.3 20.5 5.0 2.5 2 1 2 5 5
-4796.6 3993.1 8.1 277 0 13.2 8.8 5.0 2.5 2 0 2 1 1
-6882.3 3499.4 0.9 177 0 13.8 9.6 2.5 2.5 2 0 1 5 5
-6739.2 3615.7 5.0 91 0 5.7 17.9 7.5 0.0 0 1 3 1 1
-4963.6 3035.5 -7.8 96 0 11.6 8.8 2.5 2.5 2 0 1 1 1
-6410.8 3089.5 -4.4 96 0 5.4 9.2 7.5 2.5 2 1 3 4 4
-6598.6 2608.5 -7.9 270 0 11.6 13.3 7.5 2.5 2 1 3 1 1
-4971.9 2996.2 -6.4 4 0 5.3 6.2 2.5 2.5 2 1 1 1 1
-5678.1 3058.0 -4.3 190 0 3.5 17.4 2.5 2.5 2 1 1 0 0
-6723.6 3687.7 7.1 13 0 6.3 7.7 7.5 2.5 2 1 3 5 5
-5909.7 2414.0 -15.0 297 0 12.1 53.7 10.0 2.5 2 1 4 3 3
-4685.0 2398.7 -6.2 275 0 12.3 6.7 5.0 2.5 2 0 2 5 5
-4887.3 3476.4 -3.7 12 0 11.2 19.8 5.0 2.5 2 1 2 0 0
-6155.7 2786.2 -13.5 295 0 10.8 8.2 7.5 2.5 2 0 3 2 2
-5041.7 2992.9 -5.5 277 0 15.1 18.7 15.0 0.0 0 1 6 0 0
-4969.6 3685.4 2.1 185 0 19.1 8.2 2.5 2.5 2 0 1 0 0
-4840.7 3950.3 7.7 2 0 12.1 9.0 5.0 2.5 2 0 2 3 3
-5795.2 3589.3 16.8 349 0 24.8 6.3 7.5 2.5 4 0 3 4 4
-6822.7 3756.2 5.5 185 0 9.9 11.5 7.5 2.5 2 1 3 5 5
-5018.0 3697.9 3.0 179 0 11.2 15.7 2.5 2.5 2 1 1 5 5
-6886.9 3160.8 -1.7 6 0 22.6 9.3 7.5 0.0 0 0 3 3 3
-6617.6 2551.8 -6.0 7 0 6.5 4.7 5.0 2.5 2 0 2 3 3
-6905.5 3044.0 -6.1 175 0 6.6 12.8 5.0 0.0 0 1 2 3 3
-6782.2 2914.9 -13.1 172 0 11.7 28.9 10.0 2.5 2 1 4 5 5
-5213.5 4116.9 7.9 92 0 12.4 7.7 2.5 0.0 0 0 1 3 3
-5009.7 3014.7 -6.7 181 0 8.4 12.7 5.0 2.5 4 1 2 1 1
-4833.4 3686.5 0.6 270 0 6.2 9.5 7.5 2.5 2 1 3 2 2
-5162.5 4094.7 8.9 92 0 5.9 10.7 7.5 2.5 2 1 3 1 1
-6631.6 2624.2 -7.7 271 0 7.3 13.9 5.0 2.5 2 1 2 0 0
-4666.8 2386.4 -5.3 272 0 6.7 7.3 7.5 2.5 2 1 3 2 2
-6308.1 3164.5 1.7 12 0 11.7 20.1 5.0 2.5 4 1 2 2 2
-5010.9 2976.8 -5.6 97 0 6.0 9.3 2.5 2.5 2 1 1 1 1
-4903.3 3686.1 1.6 90 0 9.6 8.4 5.0 2.5 2 0 2 5 5
-5707.6 3237.7 2.3 92 0 20.9 11.0 5.0 2.5 2 0 2 3 3
-4993.7 3687.8 2.6 185 0 7.0 9.0 2.5 2.5 2 1 1 2 2
-5990.7 2873.9 -10.2 12 0 12.7 19.5 7.5 2.5 2 1 3 3 3
-4976.8 3662.9 1.8 176 0 10.5 7.2 7.5 2.5 2 0 3 0 0
-6768.0 3794.2 7.2 275 0 12.6 11.8 2.5 2.5 2 0 1 1 1
-6610.1 2593.3 -7.3 269 0 6.4 8.3 7.5 2.5 2 1 3 2 2
-5637.3 3030.4 -4.8 9 0 3.7 8.3 7.5 2.5 2 1 3 3 3
-6074.5 2241.3 -19.0 111 0 15.9 19.8 7.5 2.5 2 1 3 1 1
-5235.7 4123.9 7.5 92 0 5.2 9.5 2.5 2.5 4 1 1 1 1
-6613.4 2652.0 -8.7 271 0 10.5 10.0 5.0 2.5 2 0 2 2 2
-5173.2 2877.5 -0.9 178 0 7.9 9.3 7.5 2.5 2 1 3 5 5
-6074.8 2742.0 -13.9 108 0 9.0 11.1 7.5 2.5 2 1 3 5 5
-6793.3 3694.0 5.5 185 0 17.6 12.3 2.5 2.5 2 0 1 0 0
-4666.9 4040.5 7.7 274 0 8.8 12.6 5.0 2.5 2 1 2 2 2
-6876.7 3208.6 -0.6 2 0 6.0 15.2 7.5 2.5 2 1 3 3 3
-5180.8 4086.7 9.1 272 0 9.4 10.0 7.5 2.5 2 1 3 0 0
-5082.7 4097.5 9.4 91 0 21.7 12.1 12.5 2.5 2 0 5 4 4
-6607.6 2605.4 -7.6 275 0 4.4 8.4 5.0 2.5 2 1 2 2 2
-4769.9 3814.3 3.3 89 0 27.3 14.2 10.0 2.5 2 0 4 0 0
-4764.9 3839.9 4.0 359 0 3.8 11.6 7.5 2.5 2 1 3 4 4
-5192.0 4095.8 8.6 92 0 10.5 9.8 2.5 0.0 0 0 1 0 0
-6545.0 2611.9 -8.7 284 0 11.3 9.1 7.5 2.5 2 0 3 4 4
-5077.9 3411.2 -1.9 186 0 7.0 8.6 2.5 2.5 2 1 1 0 0
-5139.9 2824.9 -0.0 85 0 8.1 12.0 7.5 2.5 2 1 3 5 5
-6738.3 3724.8 7.1 15 0 4.3 10.8 7.5 2.5 2 1 3 2 2
-6825.5 3559.4 -0.1 176 0 12.2 4.5 7.5 2.5 2 0 3 0 0
-6625.0 2529.2 -5.8 104 0 8.7 10.6 7.5 2.5 2 1 3 1 1
-6364.4 3176.6 -0.1 268 0 28.5 7.2 7.5 2.5 2 0 3 0 0
-6888.4 3055.6 -4.8 358 0 6.3 5.7 2.5 2.5 4 0 1 4 4
-5023.0 2917.5 -3.7 192 0 5.7 8.0 5.0 2.5 2 1 2 0 0
-5825.5 2475.9 -10.8 32 0 33.5 11.1 7.5 2.5 2 0 3 0 0
-4706.8 4031.6 8.3 90 0 8.8 8.0 7.5 2.5 4 0 3 2 2
-6627.4 3547.4 6.2 87 0 12.3 20.3 7.5 2.5 2 1 3 3 3
-4986.8 3664.4 1.9 179 0 10.8 7.1 5.0 2.5 2 0 2 2 2
-4977.0 3686.4 2.5 97 0 8.1 11.0 5.0 2.5 2 1 2 0 0
-4687.2 2336.1 -3.4 114 0 7.6 4.3 7.5 2.5 4 0 3 4 4
-5060.1 2867.2 -2.3 187 0 24.3 17.6 7.5 2.5 2 0 3 4 4
-6800.2 3780.2 6.4 185 0 11.6 11.8 5.0 2.5 2 1 2 2 2
-6002.2 2704.0 -13.1 105 0 13.2 18.2 7.5 2.5 2 1 3 0 0
-6022.1 2346.0 -17.5 288 0 10.8 25.0 7.5 2.5 2 1 3 1 1
-6038.9 2284.2 -17.9 202 0 7.8 19.0 5.0 2.5 2 1 2 1 1
-5029.3 3692.0 3.2 356 0 12.0 11.8 7.5 2.5 4 0 3 5 5
-5158.3 2964.2 -3.7 97 0 11.5 15.2 7.5 2.5 2 1 3 4 4
-6022.0 2816.9 -11.9 198 0 14.5 16.1 5.0 2.5 2 1 2 3 3
-4980.5 2995.7 -6.4 3 0 11.5 14.5 7.5 2.5 2 1 3 1 1
-5793.3 2374.0 -8.8 15 0 11.6 17.7 7.5 0.0 0 1 3 4 4
-6781.2 3098.3 -5.6 92 0 24.2 10.8 10.0 2.5 2 0 4 1 1
-5200.8 4116.6 8.1 92 0 9.2 6.5 7.5 0.0 0 0 3 2 2
-5164.5 2825.3 0.3 87 0 8.8 12.2 5.0 2.5 2 1 2 0 0
-5865.7 2395.9 -12.9 22 0 22.2 29.0 12.5 0.0 0 1 5 5 5
-5807.8 2296.8 -9.7 202 0 14.3 12.6 5.0 2.5 2 0 2 1 1
-4840.5 3989.1 8.7 2 0 10.4 10.8 5.0 2.5 2 1 2 4 4
-5306.2 4104.2 9.5 277 0 9.3 9.9 7.5 2.5 2 1 3 2 2
-6598.8 2583.6 -7.1 281 0 7.4 8.2 2.5 2.5 4 1 1 4 4
-5072.8 2863.2 -1.6 272 0 13.1 18.3 7.5 2.5 4 1 3 1 1
-5740.4 2588.5 -9.6 358 0 11.8 12.1 7.5 2.5 2 1 3 3 3
-6508.6 2865.6 -14.4 96 0 25.0 16.4 15.0 0.0 0 0 6 5 5
-6577.9 3608.8 9.1 8 0 9.5 10.1 2.5 2.5 2 1 1 1 1
-4666.7 2397.3 -5.8 271 0 7.5 8.5 5.0 2.5 2 1 2 4 4
-5241.6 4080.1 8.7 281 0 11.4 12.2 7.5 2.5 2 1 3 1 1
-6634.8 2514.5 -5.9 98 0 11.1 5.1 7.5 2.5 2 0 3 3 3
-6190.7 3226.8 8.4 162 0 9.1 33.0 7.5 2.5 2 1 3 0 0
-5911.4 2422.7 -13.5 201 0 11.8 18.5 7.5 2.5 2 1 3 4 4
-5013.0 2885.7 -2.9 4 0 8.5 7.3 2.5 0.0 0 0 1 0 0
-6742.4 3696.6 6.6 17 0 11.9 9.9 5.0 0.0 0 0 2 4 4
-5018.4 3710.8 3.4 181 0 9.6 17.7 5.0 2.5 2 1 2 0 0
-4980.8 3019.8 -7.0 2 0 8.1 9.8 5.0 0.0 0 1 2 2 2
-5030.6 2832.6 -1.5 93 0 7.1 11.4 7.5 2.5 2 1 3 2 2
-6830.6 2958.5 -10.2 177 0 4.5 11.4 7.5 2.5 2 1 3 0 0
-6601.2 2645.0 -8.8 270 0 10.7 14.5 5.0 2.5 4 1 2 2 2
-5929.8 2340.8 -15.0 115 0 9.3 61.1 7.5 2.5 2 1 3 5 5
-5013.2 3593.3 0.7 6 0 15.1 12.7 2.5 2.5 2 0 1 1 1
-6036.1 2723.1 -13.5 108 0 13.3 16.5 7.5 2.5 2 1 3 4 4
-5023.4 2976.6 -6.0 93 0 5.9 28.4 7.5 2.5 2 1 3 4 4
-5000.7 4087.5 10.3 96 0 16.3 15.1 2.5 2.5 2 0 1 1 1
-6660.6 2577.0 -6.8 193 0 13.9 14.3 2.5 2.5 2 1 1 0 0
-6910.1 3124.5 -2.7 181 0 9.9 4.8 7.5 2.5 2 0 3 3 3
-4786.9 3887.3 5.1 272 0 12.9 12.3 2.5 2.5 2 0 1 1 1
-5173.8 4092.7 8.7 92 0 12.7 14.1 2.5 2.5 2 1 1 4 4
-6582.1 2536.1 -7.3 112 0 12.3 17.6 5.0 2.5 2 1 2 1 1
-5062.1 2902.5 -2.8 1 0 5.6 6.6 7.5 2.5 2 1 3 4 4
-5314.1 2451.3 6.4 112 0 15.4 9.2 5.0 2.5 2 0 2 2 2
-6831.7 3660.6 3.4 185 0 16.0 9.0 2.5 2.5 2 0 1 3 3
-6332.5 3141.6 0.5 104 0 11.7 18.7 2.5 2.5 2 1 1 5 5
-6891.0 3097.4 -3.7 2 0 14.2 13.2 2.5 2.5 2 0 1 4 4
-6656.9 2614.0 -7.6 185 0 13.4 15.9 7.5 2.5 2 1 3 3 3
-6623.5 2605.2 -7.4 268 0 9.8 9.8 7.5 2.5 2 0 3 3 3
-4913.3 3719.0 2.3 271 0 14.4 10.1 5.0 2.5 4 0 2 0 0
-6903.5 3052.8 -5.5 174 0 7.8 8.0 7.5 2.5 2 1 3 5 5
-5009.7 2899.6 -3.4 7 0 9.3 7.7 5.0 2.5 2 0 2 4 4
-6778.9 3687.6 5.9 183 0 6.9 11.9 7.5 2.5 2 1 3 0 0
-4688.4 2380.6 -5.4 193 0 4.6 11.1 5.0 2.5 2 1 2 2 2
-4710.1 4102.6 10.2 3 0 6.3 10.5 5.0 2.5 2 1 2 1 1
-6864.8 3613.7 1.6 355 0 8.5 13.2 5.0 2.5 2 1 2 2 2
-4937.8 3047.4 -8.8 92 0 11.5 19.5 5.0 2.5 2 1 2 1 1
-5165.6 4080.7 9.4 273 0 6.5 7.0 7.5 2.5 2 1 3 1 1
-4999.2 3670.0 2.2 181 0 8.6 10.1 7.5 2.5 2 1 3 3 3
-6639.4 2587.4 -6.9 181 0 12.0 9.4 7.5 2.5 2 0 3 1 1
-6571.7 3619.4 9.6 10 0 11.4 10.2 5.0 2.5 2 0 2 3 3
-6664.2 2597.5 -7.4 186 0 14.0 20.7 7.5 2.5 4 1 3 0 0
-6170.1 2748.6 -14.4 32 0 11.3 18.2 7.5 2.5 2 1 3 2 2
-5154.0 4109.5 8.5 92 0 15.2 12.4 5.0 2.5 2 0 2 0 0
-5886.6 2455.2 -12.9 289 0 19.8 28.9 10.0 2.5 2 1 4 3 3
-6422.3 3131.1 -3.6 184 0 22.2 17.6 10.0 2.5 2 0 4 5 5
-6478.0 2763.5 -13.8 112 0 8.0 5.4 5.0 2.5 2 0 2 5 5
-5542.9 2643.2 -3.9 282 0 10.0 9.2 7.5 2.5 2 0 3 4 4
-5692.0 3063.2 -3.9 97 0 8.0 6.9 5.0 2.5 2 0 2 0 0
-5682.2 3069.6 -4.0 273 0 6.9 8.1 7.5 2.5 2 1 3 4 4
-5702.3 3065.6 -3.4 94 0 7.7 5.7 7.5 2.5 2 0 3 0 0
-6165.5 1898.4 -11.6 280 0 12.9 11.1 7.5 2.5 4 0 3 5 5
-5928.8 1898.5 -7.7 273 0 13.3 12.0 5.0 2.5 2 0 2 5 5
-5851.9 1922.2 -7.6 195 0 11.6 12.5 10.0 2.5 2 1 4 2 2
-6060.2 1819.4 -6.8 180 0 17.9 11.9 2.5 2.5 2 0 1 4 4
-6172.7 1901.1 -12.0 283 0 4.1 11.3 5.0 2.5 2 1 2 4 4
-6438.1 1914.2 -20.1 91 0 16.4 13.7 7.5 2.5 4 0 3 4 4
-6061.1 1833.9 -7.2 186 0 7.5 7.1 5.0 2.5 2 0 2 5 5
-6535.7 1997.8 -18.9 268 0 9.9 17.8 5.0 2.5 2 1 2 4 4
-6842.5 1838.0 -10.9 196 0 4.3 7.8 5.0 2.5 2 1 2 4 4
-6079.8 1751.4 -4.7 7 0 6.7 8.5 7.5 2.5 4 1 3 3 3
-5989.2 1880.9 -7.9 269 0 9.2 9.7 5.0 2.5 2 1 2 4 4
-6811.8 1965.2 -12.3 292 0 7.1 7.0 7.5 2.5 4 0 3 5 5
-4994.5 3784.3 5.2 179 0 6.4 8.4 7.5 2.5 2 1 3 1 1
-5045.6 3797.1 6.2 359 0 6.4 7.1 2.5 2.5 2 1 1 2 2
-5046.9 3739.9 4.8 356 0 5.6 11.2 7.5 2.5 2 1 3 2 2
-4975.4 3812.4 5.4 269 0 9.5 14.4 5.0 2.5 2 1 2 1 1
-5018.0 3728.5 4.0 180 0 6.5 11.0 5.0 2.5 2 1 2 3 3
-5035.0 3741.1 4.6 0 0 5.5 6.7 7.5 2.5 2 1 3 1 1
-5043.3 3831.1 6.9 260 0 8.8 8.7 5.0 2.5 2 0 2 2 2
-5032.7 3784.6 5.7 356 0 9.2 12.1 7.5 2.5 2 1 3 5 5
-4857.2 3844.2 4.8 274 0 15.3 15.5 2.5 2.5 2 1 1 3 3
-5782.1 2034.1 -10.5 20 0 3.3 15.0 5.0 2.5 2 1 2 3 3
-5911.9 1881.5 -6.8 272 0 8.0 9.0 7.5 0.0 0 1 3 3 3
-5748.8 2111.9 -9.4 28 0 12.5 18.9 7.5 2.5 2 1 3 3 3
-4933.6 3829.9 5.4 262 0 11.2 12.6 2.5 2.5 2 1 1 0 0
-6725.6 3621.6 5.2 4 0 9.0 9.8 5.0 2.5 2 1 2 3 3
-4994.5 3375.9 -4.0 172 0 16.8 5.4 5.0 2.5 2 0 2 0 0
-5291.0 2548.6 4.1 112 0 8.2 12.4 7.5 2.5 2 1 3 3 3
-6583.2 2613.9 -8.2 272 0 8.0 7.5 5.0 2.5 2 0 2 0 0
-5302.2 2835.7 0.2 5 0 7.7 5.7 5.0 0.0 0 0 2 2 2
-6616.2 2575.2 -6.7 269 0 5.6 6.8 5.0 2.5 2 1 2 4 4
-6582.4 2623.7 -8.5 282 0 9.7 8.5 2.5 2.5 2 0 1 3 3
-5562.6 2945.4 -3.9 88 0 10.3 7.1 7.5 2.5 2 0 3 4 4
-5667.5 2484.6 -6.3 93 0 18.0 19.4 10.0 0.0 0 1 4 3 3
-6620.8 2624.6 -7.9 270 0 4.4 16.3 7.5 2.5 2 1 3 2 2
-640.7 5678.8 23.1 6 0 12.6 16.2 10.0 2.5 2 1 4 3 3
-1429.0 5106.0 5.1 277 0 5.6 6.3 5.0 2.5 4 1 2 2 2
-2221.4 5431.7 -6.3 101 0 5.7 13.1 5.0 2.5 2 1 2 5 5
-2197.0 6334.8 29.8 104 0 8.2 10.8 5.0 2.5 2 1 2 5 5
-638.7 6258.4 26.4 9 0 9.0 10.4 2.5 0.0 0 1 1 0 0
-2235.5 5169.3 8.8 280 0 5.1 20.0 7.5 2.5 2 1 3 4 4
-501.0 6088.1 22.9 259 0 22.9 11.6 12.5 2.5 2 0 5 0 0
-607.7 6161.0 26.5 179 0 8.1 17.0 7.5 2.5 2 1 3 1 1
-2026.8 6242.3 30.7 180 0 11.4 23.4 7.5 2.5 2 1 3 0 0
-1414.7 5130.7 6.1 91 0 8.3 15.3 2.5 2.5 2 1 1 2 2
-674.2 5578.9 24.6 106 0 5.9 13.5 5.0 2.5 2 1 2 4 4
-1355.7 5106.8 4.0 268 0 8.8 14.2 7.5 2.5 2 1 3 5 5
-571.1 6097.1 24.4 205 0 7.3 5.7 5.0 2.5 2 0 2 4 4
-1567.8 4416.4 -13.4 352 0 97.5 99.0 12.5 0.0 0 1 5 4 4
-616.0 6256.8 26.1 6 0 7.6 9.1 2.5 2.5 2 1 1 1 1
-640.5 5693.7 22.9 7 0 14.7 13.7 5.0 2.5 2 0 2 5 5
-488.6 6067.4 21.7 269 0 12.1 21.8 7.5 2.5 2 1 3 2 2
-1324.1 5129.5 4.9 358 0 6.8 10.9 7.5 2.5 2 1 3 5 5
-628.4 6246.5 26.4 8 0 8.7 9.8 5.0 2.5 4 1 2 0 0
-614.5 6049.4 23.5 19 0 14.1 6.5 2.5 2.5 2 0 1 4 4
-2021.4 6476.8 30.5 183 0 9.2 7.2 7.5 2.5 4 0 3 0 0
-694.5 6178.2 27.6 96 0 16.0 21.5 7.5 2.5 2 1 3 0 0
-1946.9 6125.5 23.7 182 0 6.8 8.9 5.0 2.5 2 1 2 2 2
-603.6 6151.7 26.5 177 0 6.2 15.4 2.5 2.5 2 1 1 3 3
-1967.5 5241.6 6.6 173 0 3.1 10.6 2.5 2.5 4 1 1 1 1
-587.7 6214.1 26.0 205 0 9.3 7.9 5.0 2.5 2 0 2 2 2
-2026.4 6157.0 25.9 188 0 16.5 10.5 5.0 2.5 4 0 2 4 4
-1882.6 5179.7 9.6 76 0 11.4 5.0 5.0 2.5 2 0 2 0 0
-566.3 6065.9 23.3 187 0 8.7 4.8 5.0 2.5 4 0 2 5 5
-594.7 5648.1 22.3 194 0 26.7 10.8 10.0 2.5 2 0 4 3 3
-638.9 5644.4 23.5 4 0 6.9 4.7 5.0 2.5 2 0 2 5 5
-584.6 6260.3 25.6 96 0 8.5 10.1 5.0 2.5 2 1 2 4 4
-1261.3 5228.8 8.1 9 0 5.4 7.7 5.0 2.5 4 1 2 4 4
-1745.7 6040.9 16.7 187 0 12.2 29.1 12.5 2.5 2 1 5 1 1
-604.8 6242.5 26.1 4 0 9.7 11.1 7.5 2.5 2 1 3 4 4
-2263.8 6499.2 31.5 190 0 18.3 13.9 12.5 2.5 4 0 5 2 2
-629.0 5640.0 23.0 186 0 12.3 16.7 10.0 2.5 2 1 4 5 5
-1463.4 5595.4 21.2 92 0 15.9 16.7 10.0 2.5 2 1 4 5 5
10.3 5423.9 7.3 90 0 13.6 16.7 7.5 2.5 2 1 3 0 0
-608.4 6068.3 24.1 4 0 6.5 9.5 7.5 2.5 2 1 3 1 1
-2019.1 6494.5 29.3 181 0 16.6 33.5 7.5 2.5 2 1 3 0 0
-475.5 6134.4 24.3 92 0 25.5 45.7 10.0 0.0 0 1 4 3 3
-613.1 6210.9 26.4 18 0 25.0 9.5 5.0 2.5 2 0 2 1 1
-1891.7 6189.8 27.0 90 0 5.3 5.6 5.0 2.5 2 1 2 1 1
-1203.5 5721.0 26.8 270 0 7.6 7.2 7.5 2.5 2 0 3 5 5
-434.2 6483.2 21.6 210 0 21.6 18.2 7.5 2.5 2 0 3 2 2
-584.0 6041.0 22.5 183 0 17.3 12.5 2.5 2.5 2 0 1 0 0
-571.6 5582.7 22.7 104 0 8.8 16.4 5.0 2.5 4 1 2 5 5
-1355.2 5116.1 4.9 92 0 6.4 6.7 5.0 2.5 4 1 2 1 1
-1851.6 5258.5 5.3 270 0 6.6 14.3 7.5 2.5 2 1 3 3 3
-1085.4 5113.3 7.1 90 0 8.4 7.3 7.5 2.5 2 0 3 1 1
-650.1 5622.5 23.9 9 0 6.4 5.3 5.0 2.5 2 0 2 4 4
-575.1 5656.5 22.2 286 0 7.3 25.6 7.5 2.5 2 1 3 5 5
-1862.5 5243.0 6.2 269 0 8.4 5.9 7.5 2.5 2 0 3 4 4
-1283.9 5314.0 12.4 11 0 11.6 12.4 5.0 2.5 2 1 2 0 0
-1955.6 5240.6 6.5 176 0 7.1 8.0 5.0 2.5 4 1 2 0 0
-545.0 6095.1 23.8 278 0 11.3 9.5 2.5 2.5 2 0 1 3 3
-2194.2 5063.1 13.7 90 0 16.6 12.2 5.0 2.5 2 0 2 1 1
-634.9 5742.4 22.4 359 0 13.6 11.6 7.5 2.5 2 0 3 5 5
-2223.1 6492.8 31.5 15 0 10.6 21.6 7.5 2.5 2 1 3 0 0
-520.0 6118.5 23.8 271 0 10.2 21.9 2.5 2.5 2 1 1 2 2
-674.0 6281.1 26.5 189 0 10.2 21.9 5.0 2.5 2 1 2 0 0
-623.9 6176.0 26.8 15 0 16.2 8.3 5.0 2.5 2 0 2 1 1
-517.3 6045.7 22.2 89 0 5.5 12.2 7.5 2.5 2 1 3 5 5
-2175.7 5139.9 11.3 92 0 9.4 9.5 2.5 2.5 2 1 1 2 2
-467.6 6024.9 20.8 90 0 13.0 17.2 7.5 2.5 2 1 3 1 1
-1322.7 5088.9 3.4 94 0 7.0 8.6 7.5 2.5 2 1 3 3 3
-1729.3 6291.9 33.9 54 0 18.2 26.1 10.0 2.5 2 1 4 1 1
-681.3 5686.4 23.4 179 0 12.0 18.2 7.5 0.0 0 1 3 2 2
-1799.9 5512.4 5.5 206 0 9.5 8.6 7.5 2.5 2 0 3 3 3
-1852.5 5205.1 7.5 83 0 8.7 14.9 2.5 2.5 2 1 1 0 0
-1014.8 5169.9 10.7 277 0 9.4 26.5 5.0 2.5 2 1 2 1 1
-1922.5 5211.6 7.8 163 0 10.8 7.4 2.5 2.5 2 0 1 1 1
-556.3 6105.2 24.4 296 0 6.0 8.6 7.5 2.5 2 1 3 4 4
-616.1 6265.2 26.0 95 0 4.7 10.0 2.5 2.5 2 1 1 1 1
-657.7 5612.8 24.1 13 0 7.4 4.9 5.0 2.5 2 0 2 4 4
-625.7 6258.2 26.2 3 0 10.8 10.9 7.5 2.5 2 1 3 5 5
-549.6 6067.6 23.0 185 0 10.5 13.8 7.5 2.5 2 1 3 2 2
-495.2 5629.3 21.1 20 0 7.1 5.1 5.0 2.5 2 0 2 3 3
-542.1 6104.2 24.1 280 0 9.9 8.1 5.0 2.5 2 0 2 5 5
-2254.0 5265.2 1.5 104 0 35.4 17.6 12.5 0.0 0 0 5 4 4
-639.1 6247.7 26.5 8 0 9.1 11.7 5.0 2.5 2 1 2 5 5
-619.2 6070.2 24.3 3 0 7.7 10.5 5.0 2.5 2 1 2 5 5
-2029.8 6128.3 24.4 195 0 14.9 8.6 5.0 2.5 2 0 2 2 2
-1313.5 5178.1 6.6 11 0 15.2 11.6 2.5 2.5 2 0 1 1 1
-624.1 6048.5 23.7 12 0 5.6 9.5 7.5 2.5 2 1 3 5 5
-1816.0 5240.1 6.2 271 0 16.5 19.0 10.0 2.5 2 1 4 5 5
-570.8 6052.9 23.0 184 0 6.5 6.7 7.5 2.5 2 1 3 2 2
-624.6 5103.6 26.8 180 0 125.5 49.0 10.0 0.0 0 0 4 3 3
-1930.6 6257.7 31.6 96 0 16.7 10.3 7.5 2.5 4 0 3 5 5
-1248.0 5591.2 27.2 174 0 31.1 18.5 12.5 2.5 2 0 5 0 0
-677.9 5630.5 24.3 16 0 9.6 9.7 5.0 2.5 2 1 2 3 3
-554.2 6085.5 23.3 274 0 8.3 20.1 5.0 0.0 0 1 2 3 3
-810.9 6106.2 28.1 102 0 6.8 6.4 7.5 2.5 2 0 3 3 3
-610.9 5631.2 22.8 197 0 3.7 22.9 2.5 2.5 2 1 1 2 2
-1955.0 5197.1 8.4 167 0 19.2 18.2 12.5 2.5 2 0 5 1 1
-601.0 6268.3 25.8 5 0 9.1 11.1 2.5 2.5 2 1 1 3 3
-1865.0 5223.9 6.9 88 0 8.0 7.1 2.5 2.5 2 0 1 2 2
-1289.6 5228.4 8.2 195 0 6.8 6.6 5.0 2.5 2 0 2 4 4
-632.4 5596.1 23.6 186 0 7.6 17.2 2.5 2.5 2 1 1 0 0
-1326.0 5139.1 5.3 10 0 7.0 7.3 2.5 2.5 2 1 1 5 5
-623.7 6079.1 24.6 12 0 7.8 4.9 2.5 2.5 2 0 1 5 5
-2012.0 6438.7 31.9 271 0 24.3 23.4 12.5 2.5 2 0 5 3 3
-458.7 6481.1 22.2 32 0 10.1 7.7 7.5 2.5 2 0 3 0 0
-603.2 6142.4 26.1 179 0 8.2 18.3 7.5 2.5 2 1 3 5 5
-442.7 6377.8 22.6 229 0 15.4 33.8 10.0 2.5 2 1 4 3 3
-604.7 5716.9 21.6 189 0 17.3 19.3 7.5 2.5 2 1 3 1 1
-1774.6 5173.9 10.0 271 0 4.6 9.9 7.5 2.5 2 1 3 5 5
-1221.3 5702.8 25.9 182 0 10.5 16.3 7.5 2.5 2 1 3 5 5
-668.6 5637.2 24.1 7 0 6.6 5.1 5.0 2.5 2 0 2 1 1
-607.1 5651.1 22.5 192 0 28.8 10.5 10.0 2.5 2 0 4 0 0
-527.3 6032.3 21.8 92 0 10.6 9.9 5.0 0.0 0 0 2 5 5
-1857.2 5236.8 6.6 269 0 4.8 10.7 5.0 2.5 2 1 2 0 0
-2271.9 5656.4 -6.0 197 0 10.6 13.3 7.5 2.5 2 1 3 0 0
-1286.1 5237.4 8.6 203 0 6.3 5.7 5.0 2.5 2 0 2 1 1
-523.5 6045.8 22.3 90 0 4.4 12.4 7.5 2.5 2 1 3 3 3
-638.6 5720.9 22.6 2 0 8.3 12.4 7.5 2.5 2 1 3 0 0
-675.9 6265.4 26.7 188 0 8.8 10.5 2.5 2.5 2 1 1 1 1
-2172.5 5727.5 0.3 100 0 6.4 6.1 2.5 2.5 2 0 1 4 4
-156.6 5166.4 16.7 119 0 15.4 18.6 10.0 2.5 4 1 4 2 2
-691.7 6255.9 27.0 182 0 12.1 11.0 7.5 2.5 2 0 3 1 1
-2025.1 6299.0 33.8 178 0 16.7 13.1 2.5 2.5 2 0 1 5 5
-1311.6 5148.6 5.3 188 0 8.4 12.5 7.5 2.5 2 1 3 2 2
-1766.0 5174.5 9.9 271 0 9.1 11.8 5.0 2.5 2 1 2 5 5
-1367.1 5127.7 5.5 88 0 8.2 16.1 5.0 2.5 2 1 2 5 5
-560.1 6055.9 22.6 199 0 14.7 11.7 7.5 2.5 2 0 3 5 5
-707.8 5961.9 24.4 284 0 18.0 27.5 10.0 2.5 2 1 4 3 3
-1859.6 5274.1 4.4 275 0 10.3 12.9 7.5 2.5 2 1 3 2 2
-1942.3 5282.3 3.9 182 0 14.2 14.6 5.0 2.5 2 1 2 4 4
-621.5 6275.0 26.1 271 0 4.9 8.0 5.0 2.5 2 1 2 2 2
-622.8 5720.4 22.3 6 0 5.4 7.9 5.0 2.5 2 1 2 2 2
-1884.7 5188.6 8.2 77 0 9.5 22.4 5.0 2.5 4 1 2 4 4
-538.1 6033.9 22.1 92 0 6.2 6.7 5.0 2.5 2 1 2 2 2
-1959.6 5220.8 7.3 171 0 14.1 16.0 10.0 2.5 2 1 4 0 0
-532.0 6045.7 22.3 88 0 11.6 12.4 5.0 2.5 2 1 2 0 0
-566.5 6248.0 25.5 9 0 9.7 13.8 7.5 2.5 2 1 3 3 3
-2184.0 6214.5 24.1 101 0 16.8 12.0 7.5 2.5 2 0 3 1 1
-1315.8 5164.8 6.2 11 0 8.0 12.0 5.0 0.0 0 1 2 0 0
-664.1 6262.9 26.6 191 0 7.1 11.4 5.0 2.5 2 1 2 4 4
-620.4 6059.5 23.9 7 0 9.5 24.9 7.5 2.5 4 1 3 3 3
-1785.7 5948.2 12.5 180 0 4.9 7.5 7.5 0.0 0 1 3 1 1
-599.5 6071.7 23.5 184 0 22.4 16.3 7.5 2.5 2 0 3 1 1
-2009.0 6310.8 34.6 178 0 9.7 9.6 2.5 2.5 2 0 1 4 4
-1835.7 5223.8 6.7 86 0 13.5 8.4 7.5 2.5 2 0 3 0 0
-577.3 6065.9 23.4 180 0 11.6 4.9 5.0 2.5 2 0 2 3 3
-1027.8 5170.7 10.0 273 0 8.9 20.7 7.5 2.5 2 1 3 3 3
-1800.0 5198.6 7.8 91 0 12.0 14.2 5.0 2.5 4 1 2 0 0
-1297.8 5245.1 9.1 23 0 11.5 12.4 2.5 2.5 4 1 1 0 0
-507.9 5616.3 21.4 15 0 15.6 18.0 7.5 2.5 2 1 3 1 1
-2062.4 5835.6 8.2 186 0 23.1 11.2 12.5 2.5 2 0 5 0 0
-500.7 6044.2 21.9 88 0 11.0 20.4 2.5 2.5 2 1 1 3 3
-631.2 6072.0 24.5 0 0 7.8 8.4 7.5 2.5 2 1 3 1 1
-396.0 6398.0 22.0 316 0 28.8 31.5 7.5 0.0 0 1 3 0 0
-507.9 6117.4 23.7 269 0 10.6 17.6 2.5 0.0 0 1 1 5 5
-595.6 6121.6 25.3 182 0 8.4 16.3 7.5 2.5 4 1 3 0 0
-650.6 5646.4 23.6 2 0 9.2 11.5 2.5 2.5 2 1 1 1 1
-1061.6 5562.5 28.4 273 0 5.8 8.4 7.5 2.5 4 1 3 3 3
-1314.5 5135.9 4.8 190 0 15.6 9.1 7.5 2.5 2 0 3 4 4
-642.7 6166.0 27.2 15 0 6.9 17.1 7.5 2.5 2 1 3 2 2
-775.5 6110.9 27.7 5 0 6.5 12.2 2.5 2.5 2 1 1 3 3
-2059.7 5228.3 6.6 89 0 22.6 23.6 10.0 2.5 2 1 4 5 5
-1393.3 5125.1 5.7 92 0 9.1 9.8 2.5 2.5 2 1 1 1 1
-671.8 5735.2 22.8 185 0 7.1 17.2 5.0 2.5 2 1 2 3 3
-673.7 5617.5 24.3 13 0 11.6 18.1 2.5 2.5 2 1 1 4 4
-1429.3 5130.2 6.3 91 0 12.7 14.9 10.0 2.5 2 1 4 0 0
-539.8 6020.9 21.6 90 0 11.1 8.5 7.5 2.5 2 0 3 5 5
-1781.8 5243.6 5.9 271 0 7.0 11.3 7.5 2.5 2 1 3 4 4
-676.3 5699.5 23.2 178 0 11.1 13.6 5.0 2.5 2 1 2 1 1
-1295.9 5219.2 7.9 196 0 10.9 6.3 5.0 2.5 2 0 2 1 1
-678.4 6254.5 26.8 179 0 9.3 11.6 5.0 2.5 2 1 2 5 5
-2138.6 5951.9 12.8 178 0 4.9 6.9 5.0 2.5 2 1 2 2 2
-1724.1 4560.9 -15.0 268 0 84.5 247.2 7.5 0.0 0 1 3 0 0
-491.2 6024.8 21.0 90 0 19.5 11.2 2.5 2.5 2 0 1 4 4
-2019.2 5640.2 -2.8 273 0 11.4 9.9 5.0 2.5 2 0 2 0 0
-617.2 6244.9 26.2 6 0 9.6 9.8 2.5 0.0 0 1 1 1 1
-73.7 5038.3 25.5 95 0 8.7 4.0 7.5 2.5 2 0 3 2 2
-1307.7 5157.0 5.6 188 0 6.7 10.4 5.0 2.5 2 1 2 2 2
-1735.5 5499.2 6.5 296 0 27.1 20.6 10.0 0.0 0 0 4 1 1
-592.3 6011.4 22.1 90 0 8.9 22.9 7.5 2.5 2 1 3 2 2
-2099.0 5294.8 4.2 185 0 8.8 15.9 5.0 2.5 2 1 2 3 3
-1902.3 6113.3 22.7 3 0 8.6 9.8 5.0 2.5 2 1 2 1 1
-660.0 5765.8 22.8 278 0 14.1 26.0 7.5 2.5 2 1 3 5 5
-585.8 6249.2 25.7 96 0 9.6 7.4 2.5 0.0 0 0 1 0 0
-610.5 5682.7 22.3 193 0 12.0 13.6 2.5 2.5 2 1 1 3 3
-1902.5 5184.1 8.6 71 0 19.0 19.3 12.5 2.5 2 1 5 3 3
-2264.7 5677.1 -5.4 283 0 20.6 11.4 5.0 2.5 2 0 2 1 1
-1964.1 5203.2 8.3 358 0 23.7 10.6 10.0 2.5 2 0 4 2 2
-198.9 6102.2 19.5 92 0 15.3 24.5 10.0 2.5 2 1 4 4 4
-592.8 6242.0 25.9 4 0 9.6 10.7 7.5 2.5 2 1 3 0 0
-673.3 6093.2 25.4 195 0 21.4 10.0 7.5 2.5 2 0 3 1 1
-1985.8 6331.2 35.7 3 0 14.5 10.9 7.5 2.5 2 0 3 1 1
-458.4 6052.1 21.4 359 0 14.1 19.6 10.0 2.5 2 1 4 5 5
-1303.8 5176.0 6.4 185 0 9.3 6.3 2.5 2.5 2 0 1 1 1
-536.2 6246.1 25.0 194 0 8.3 12.4 5.0 2.5 2 1 2 2 2
-770.6 6026.8 26.0 287 0 11.0 24.6 7.5 2.5 2 1 3 5 5
-582.5 6011.2 21.9 92 0 7.9 19.6 2.5 2.5 2 1 1 5 5
-1879.1 5219.8 6.9 78 0 8.7 11.4 7.5 2.5 2 1 3 3 3
-652.1 6327.6 26.0 281 0 17.0 34.2 10.0 2.5 2 1 4 0 0
-696.3 5667.9 24.1 272 0 12.8 13.7 7.5 2.5 2 1 3 3 3
-4681.6 1892.8 10.6 201 0 36.6 22.0 7.5 0.0 0 0 3 0 0
-1120.3 4866.8 7.6 181 0 5.8 9.0 7.5 2.5 2 1 3 1 1
-1063.0 4756.5 11.9 97 0 6.7 9.5 2.5 2.5 2 1 1 4 4
-936.7 4886.4 17.6 357 0 6.9 11.3 7.5 2.5 2 1 3 4 4
-607.1 5995.5 22.4 358 0 27.9 22.2 7.5 0.0 0 0 3 2 2
-1525.2 4241.0 -8.9 93 0 14.8 33.5 7.5 2.5 2 1 3 4 4
-4743.5 3004.8 -10.0 19 0 15.5 12.9 5.0 2.5 2 0 2 1 1
-5775.4 1979.4 -8.6 181 0 4.8 7.6 2.5 2.5 2 1 1 1 1
-5784.7 1967.3 -8.2 186 0 3.7 20.1 7.5 2.5 4 1 3 4 4
-2402.4 4665.9 -1.0 88 0 16.2 12.0 10.0 2.5 2 0 4 2 2
-2452.4 5263.1 -1.9 188 0 8.8 11.8 5.0 2.5 2 1 2 0 0
-2488.3 5229.0 -1.0 92 0 6.8 5.5 7.5 2.5 2 0 3 0 0
-2386.1 5024.9 4.9 196 0 5.3 8.9 7.5 2.5 2 1 3 5 5
-2412.7 5024.0 3.7 126 0 6.8 7.1 5.0 2.5 2 1 2 0 0
-2390.7 4995.6 4.3 107 0 4.6 7.9 5.0 2.5 2 1 2 3 3
-2607.4 5194.6 -2.8 87 0 5.8 7.3 5.0 2.5 2 1 2 4 4
-2631.9 5173.3 -4.9 281 0 14.0 24.2 7.5 2.5 2 1 3 4 4
-2341.8 5024.9 6.6 360 0 7.2 6.9 5.0 2.5 2 0 2 0 0
-2485.2 5212.7 -0.6 92 0 13.2 14.8 10.0 2.5 2 1 4 4 4
-2669.3 5183.7 -5.8 92 0 11.6 18.5 7.5 0.0 0 1 3 5 5
-2484.2 5203.8 0.8 268 0 8.1 11.4 5.0 2.5 2 1 2 1 1
-2586.7 5193.9 -1.9 96 0 6.2 7.6 7.5 2.5 2 1 3 5 5
-2683.6 5129.9 -7.4 8 0 3.2 11.3 2.5 2.5 4 1 1 2 2
-2375.4 4994.1 4.9 90 0 4.9 8.0 2.5 0.0 0 1 1 2 2
-2680.7 5207.2 -5.9 90 0 4.3 7.2 2.5 2.5 2 1 1 0 0
-2301.4 5123.0 9.6 187 0 7.7 9.2 5.0 2.5 2 1 2 1 1
-2364.2 4974.9 5.1 97 0 5.9 5.6 5.0 2.5 2 0 2 0 0
-2572.2 5193.1 -1.5 93 0 18.9 7.4 2.5 2.5 2 0 1 5 5
-2515.6 5244.0 -2.6 92 0 4.1 8.2 5.0 2.5 2 1 2 1 1
-2340.8 4994.0 6.1 10 0 9.0 8.2 5.0 2.5 2 0 2 0 0
-2628.2 5261.1 -6.0 272 0 13.0 8.8 5.0 2.5 2 0 2 3 3
-2548.0 5236.4 -3.3 92 0 11.0 11.3 7.5 2.5 2 1 3 0 0
-2527.7 5188.6 0.6 269 0 6.7 9.0 5.0 2.5 2 1 2 4 4
-2341.2 5004.3 6.3 7 0 7.4 8.5 5.0 0.0 0 1 2 0 0
-2534.4 5203.4 -1.3 92 0 11.8 15.4 10.0 2.5 2 1 4 3 3
-2687.5 5172.6 -7.3 276 0 13.3 23.7 12.5 2.5 2 1 5 4 4
-2709.0 5251.8 -7.5 179 0 6.3 9.4 5.0 2.5 2 1 2 0 0
-2406.2 4700.3 -0.6 272 0 7.6 9.1 5.0 2.5 2 1 2 1 1
-2703.0 5191.7 -7.2 89 0 9.4 14.3 5.0 2.5 2 1 2 5 5
-2540.5 5191.3 -0.3 86 0 9.7 7.9 5.0 2.5 2 0 2 0 0
-2607.6 5181.0 -3.0 91 0 7.3 8.8 2.5 2.5 2 1 1 4 4
-2386.8 5014.4 4.6 105 0 7.6 5.8 7.5 2.5 2 0 3 4 4
-2581.1 5254.9 -4.5 272 0 8.7 12.7 5.0 2.5 2 1 2 0 0
-2422.0 5036.3 3.4 113 0 8.3 9.3 7.5 0.0 0 1 3 0 0
-2414.0 5355.6 -6.4 2 0 10.0 5.7 7.5 2.5 2 0 3 5 5
-2372.0 5012.6 5.3 96 0 5.5 6.6 7.5 2.5 2 1 3 3 3
-2470.9 4633.5 -4.3 89 0 10.2 4.2 2.5 2.5 2 0 1 4 4
-2568.3 5266.5 -4.9 272 0 15.9 8.2 2.5 2.5 2 0 1 5 5
-2598.4 5180.9 -2.6 91 0 7.6 10.2 2.5 2.5 2 1 1 3 3
-2350.8 4980.7 5.8 105 0 8.1 8.0 5.0 2.5 4 0 2 2 2
-2421.7 5007.4 2.7 13 0 5.0 8.0 2.5 2.5 2 1 1 5 5
-2447.1 5131.5 3.6 181 0 9.5 7.1 5.0 2.5 2 0 2 4 4
-2625.0 5297.2 -7.9 271 0 11.2 8.3 5.0 2.5 2 0 2 3 3
-2428.0 5023.8 2.8 281 0 6.6 7.6 7.5 2.5 2 1 3 3 3
-2566.0 5279.2 -5.5 272 0 13.8 10.8 7.5 2.5 2 0 3 5 5
-2716.3 5284.1 -9.5 180 0 9.5 5.8 7.5 0.0 0 0 3 1 1
-2518.8 5206.8 -1.3 92 0 14.9 18.1 12.5 2.5 2 1 5 5 5
-2689.7 5322.2 -10.9 269 0 10.2 8.6 7.5 2.5 2 0 3 3 3
-6790.4 4515.3 4.1 2 0 7.7 7.6 5.0 2.5 2 0 2 4 4
-6095.2 4154.6 7.2 90 0 10.5 7.2 7.5 2.5 2 0 3 2 2
-6538.1 4699.3 2.1 1 0 12.0 23.3 7.5 2.5 2 1 3 2 2
-4701.8 5764.3 -1.9 17 0 30.9 12.5 12.5 2.5 2 0 5 5 5
-6782.1 5344.0 17.0 270 0 19.8 20.2 7.5 0.0 0 1 3 3 3
-6419.9 4647.7 3.9 187 0 5.9 6.9 7.5 2.5 2 1 3 3 3
-6804.0 5314.9 16.7 90 0 7.6 11.3 7.5 2.5 2 1 3 1 1
-6810.5 5363.6 18.1 180 0 10.4 9.7 2.5 0.0 0 0 1 3 3
-6788.6 4504.1 4.1 2 0 7.5 6.2 2.5 2.5 2 0 1 4 4
-6826.0 4317.0 -0.0 182 0 13.1 8.1 7.5 2.5 2 0 3 2 2
-6488.4 4787.2 5.8 7 0 10.0 6.7 5.0 0.0 0 0 2 1 1
-6852.8 4622.2 5.2 2 0 21.4 15.2 10.0 0.0 0 0 4 1 1
-6093.6 4163.0 7.5 90 0 6.3 11.2 5.0 2.5 2 1 2 2 2
-6776.2 4505.8 3.9 353 0 7.1 7.8 5.0 2.5 2 1 2 5 5
-6481.7 4872.4 8.7 187 0 5.6 6.9 5.0 2.5 2 1 2 5 5
-6871.0 4438.6 4.5 182 0 5.2 12.2 5.0 2.5 2 1 2 1 1
-6777.8 5407.3 19.7 0 0 6.9 17.0 5.0 2.5 2 1 2 3 3
-6810.4 5385.9 18.8 180 0 14.1 8.7 7.5 2.5 2 0 3 2 2
-6445.9 4687.2 4.3 187 0 6.0 7.7 5.0 2.5 2 1 2 1 1
-5028.1 4244.5 6.5 359 0 12.9 12.1 7.5 2.5 2 0 3 2 2
-6855.3 4652.6 4.8 2 0 16.1 13.6 5.0 2.5 4 0 2 5 5
-6095.9 4215.5 8.3 181 0 13.8 11.7 5.0 2.5 2 0 2 0 0
-6779.1 5388.1 18.1 270 0 16.6 29.1 12.5 2.5 2 1 5 3 3
-6857.3 4378.6 2.3 182 0 13.2 7.4 5.0 2.5 2 0 2 2 2
-6889.6 4348.2 1.3 182 0 10.3 8.5 5.0 2.5 2 0 2 1 1
-6366.2 4677.6 6.2 97 0 10.3 9.7 5.0 2.5 2 0 2 0 0
-6823.6 5364.9 18.2 180 0 10.3 9.2 2.5 2.5 2 0 1 3 3
-4813.6 4146.9 10.8 89 0 11.3 7.5 7.5 2.5 2 0 3 3 3
-6095.5 4197.3 8.0 180 0 16.1 10.3 7.5 2.5 2 0 3 5 5
-6868.7 4367.1 2.2 2 0 13.7 12.2 2.5 2.5 2 0 1 4 4
-6902.2 4611.0 6.7 182 0 7.4 8.0 7.5 2.5 2 1 3 1 1
-6783.2 4379.5 1.6 2 0 7.8 5.2 5.0 2.5 2 0 2 3 3
-4753.5 4415.7 4.3 269 0 24.7 12.0 10.0 2.5 2 0 4 1 1
-6202.0 4487.8 7.0 241 0 11.2 8.5 7.5 2.5 2 0 3 5 5
-6906.1 4563.2 5.9 182 0 12.3 17.4 5.0 2.5 2 1 2 2 2
-6353.3 4707.1 7.2 7 0 5.6 11.7 7.5 2.5 2 1 3 1 1
-6490.3 4718.2 3.9 187 0 9.5 6.7 7.5 2.5 2 0 3 3 3
-6858.3 4589.6 5.4 2 0 8.6 10.4 7.5 2.5 2 1 3 3 3
-6902.8 4579.6 6.1 182 0 12.6 8.0 5.0 2.5 2 0 2 3 3
-6451.0 4718.6 5.1 187 0 8.3 5.6 7.5 2.5 2 0 3 3 3
-6798.5 5276.5 15.4 91 0 10.6 24.5 7.5 2.5 4 1 3 5 5
-4743.2 5875.0 1.7 197 0 31.8 11.4 10.0 2.5 2 0 4 3 3
-6560.4 4763.8 3.2 281 0 5.3 6.1 5.0 2.5 2 1 2 3 3
-6842.2 4391.2 2.5 182 0 13.4 6.7 2.5 0.0 0 0 1 3 3
-6114.9 4187.9 7.1 179 0 8.4 11.2 2.5 2.5 4 1 1 3 3
-4702.6 5929.9 -1.0 287 0 10.2 39.4 10.0 0.0 0 1 4 2 2
-6788.8 4571.8 3.9 92 0 5.8 12.4 5.0 0.0 0 1 2 2 2
-6754.9 5296.7 16.1 90 0 8.9 12.6 7.5 2.5 2 1 3 2 2
-6141.6 4407.8 9.1 87 0 12.2 19.3 5.0 2.5 2 1 2 5 5
-5039.3 4283.0 5.7 269 0 9.7 19.5 5.0 2.5 2 1 2 3 3
-6470.7 4724.2 4.5 187 0 19.1 16.9 10.0 2.5 2 0 4 1 1
-4699.6 5857.5 0.9 17 0 31.8 10.8 15.0 0.0 0 0 6 5 5
-6847.5 4588.9 5.0 2 0 11.3 8.7 5.0 2.5 2 0 2 4 4
-6833.5 4390.4 2.4 182 0 15.3 6.9 5.0 0.0 0 0 2 1 1
-6704.5 5334.9 17.2 0 0 9.3 7.9 7.5 2.5 2 0 3 1 1
-6864.9 5346.5 17.6 270 0 13.4 12.8 10.0 2.5 2 0 4 1 1
-6768.0 5290.6 15.9 90 0 12.1 14.9 5.0 2.5 2 1 2 5 5
-6811.2 4565.4 4.1 87 0 14.6 11.5 5.0 2.5 2 0 2 1 1
-6890.9 4295.6 -0.6 95 0 5.3 7.3 5.0 2.5 2 1 2 4 4
-6154.2 4471.0 8.3 356 0 10.6 11.6 7.5 2.5 2 1 3 1 1
-6475.2 4857.6 8.4 187 0 10.3 14.9 5.0 2.5 4 1 2 5 5
-6833.3 5339.6 17.2 270 0 11.9 10.4 7.5 2.5 2 0 3 5 5
-4727.4 5853.4 1.9 107 0 11.8 31.1 17.5 0.0 0 1 7 4 4
-6815.1 5264.3 15.0 90 0 9.8 10.3 2.5 2.5 2 1 1 2 2
-6901.7 4597.9 5.5 182 0 13.5 15.5 7.5 2.5 2 1 3 3 3
-6909.6 5349.2 21.3 180 0 4.4 12.9 7.5 2.5 2 1 3 4 4
-6484.5 4856.0 8.2 187 0 6.1 7.2 2.5 2.5 2 1 1 3 3
-5198.0 4163.6 7.0 179 0 9.6 15.2 5.0 2.5 2 1 2 2 2
-6755.5 5344.5 17.1 270 0 18.6 17.6 10.0 0.0 0 0 4 5 5
-4718.8 5930.4 -0.8 287 0 6.6 37.5 7.5 2.5 4 1 3 2 2
-6813.7 4436.4 3.8 2 0 13.5 12.4 7.5 2.5 2 0 3 1 1
-6784.7 5305.5 16.4 90 0 18.0 15.2 10.0 2.5 2 0 4 3 3
-6898.7 5334.0 17.7 180 0 12.2 25.4 10.0 2.5 2 1 4 1 1
-6737.0 5293.1 16.0 91 0 7.3 7.5 5.0 2.5 2 1 2 3 3
-6832.6 5306.9 16.2 180 0 10.4 13.0 5.0 2.5 2 1 2 0 0
-6737.2 4404.7 1.8 352 0 13.8 12.4 7.5 2.5 2 0 3 4 4
-6810.3 5351.1 17.7 180 0 12.1 10.5 5.0 2.5 2 0 2 5 5
-6835.9 4329.0 0.7 182 0 9.3 8.3 7.5 2.5 2 0 3 3 3
-6890.4 4695.9 5.0 185 0 16.9 20.3 7.5 2.5 2 1 3 2 2
-6510.4 4790.5 5.5 187 0 6.5 7.3 7.5 2.5 2 1 3 4 4
-6096.9 4424.1 9.7 359 0 21.1 30.5 12.5 0.0 0 1 5 3 3
-6116.6 4177.1 6.9 180 0 3.8 12.6 2.5 2.5 2 1 1 0 0
-5065.7 4209.2 7.2 179 0 9.2 9.1 5.0 2.5 2 0 2 1 1
-4695.3 5840.1 -0.6 107 0 10.3 31.8 10.0 2.5 2 1 4 1 1
-6495.7 4748.0 4.7 97 0 7.4 21.4 2.5 2.5 2 1 1 2 2
-6592.5 4896.5 6.2 101 0 22.6 35.0 10.0 0.0 0 1 4 4 4
-6866.8 4568.9 5.4 92 0 9.8 10.3 7.5 2.5 2 1 3 1 1
-6805.6 4341.2 0.9 92 0 5.7 16.2 5.0 2.5 2 1 2 5 5
-6777.7 4496.2 4.0 350 0 7.9 15.5 2.5 2.5 2 1 1 3 3
-6489.7 4795.7 6.3 97 0 7.6 11.5 2.5 2.5 2 1 1 4 4
-6828.1 4460.2 4.5 182 0 22.7 14.2 10.0 2.5 2 0 4 3 3
-6734.7 5317.9 16.7 0 0 7.9 7.7 7.5 2.5 2 0 3 1 1
-6123.4 4442.5 9.3 357 0 15.6 13.4 2.5 2.5 2 0 1 3 3
-6835.8 4559.6 4.6 72 0 9.4 12.8 2.5 2.5 2 1 1 0 0
-6683.0 4300.7 -1.2 108 0 10.0 15.8 7.5 2.5 2 1 3 5 5
-6736.1 5302.1 16.3 90 0 10.1 7.5 7.5 2.5 2 0 3 1 1
-6883.0 4576.4 5.7 182 0 9.1 9.6 7.5 2.5 2 1 3 3 3
-6889.1 4646.5 5.0 182 0 8.2 13.4 7.5 0.0 0 1 3 4 4
-6870.9 4287.7 -0.6 9 0 4.9 10.1 5.0 2.5 2 1 2 5 5
-6507.5 4807.6 6.2 187 0 5.0 9.4 5.0 2.5 2 1 2 1 1
-6632.6 4603.2 1.5 267 0 18.3 17.2 10.0 2.5 4 0 4 2 2
-6798.0 5362.0 18.1 180 0 9.3 8.5 2.5 0.0 0 0 1 5 5
-6817.2 5276.4 15.4 90 0 6.7 10.0 7.5 2.5 2 1 3 5 5
-6826.3 5333.4 17.1 180 0 10.4 17.7 10.0 2.5 2 1 4 4 4
-6544.5 4577.1 1.6 89 0 5.6 10.3 7.5 2.5 2 1 3 1 1
-4533.8 5523.6 -1.2 212 0 7.3 5.0 5.0 2.5 2 0 2 5 5
-3611.2 5935.3 -8.5 90 0 17.5 8.5 5.0 0.0 0 0 2 3 3
-3548.7 5514.9 -12.6 180 0 15.4 14.7 2.5 2.5 2 0 1 4 4
-4368.2 4982.3 -0.7 89 0 13.5 7.6 7.5 2.5 2 0 3 1 1
-3342.6 6203.4 3.1 182 0 5.6 8.8 7.5 0.0 0 1 3 1 1
-3615.1 5469.6 -15.4 3 0 14.2 13.8 7.5 2.5 2 0 3 3 3
-4285.7 5290.3 2.1 269 0 8.3 8.3 7.5 2.5 2 1 3 2 2
-3548.2 5240.8 -20.5 199 0 15.1 21.7 7.5 2.5 2 1 3 3 3
-2818.2 4910.9 -16.8 104 0 41.7 17.5 12.5 2.5 4 0 5 1 1
-3442.8 5302.5 -20.2 280 0 13.0 19.2 5.0 2.5 2 1 2 5 5
-3339.8 6224.8 4.6 272 0 7.2 6.9 7.5 2.5 2 0 3 1 1
-3702.8 5781.6 -3.8 280 0 11.3 8.3 7.5 2.5 2 0 3 3 3
-2416.9 6036.5 5.9 182 0 13.1 37.3 12.5 2.5 2 1 5 2 2
-3534.9 6507.9 21.2 353 0 11.0 24.6 10.0 2.5 2 1 4 4 4
-4528.6 5585.9 -6.7 28 0 10.8 13.4 2.5 2.5 2 1 1 4 4
-3587.2 5941.4 -8.3 351 0 5.1 9.5 7.5 0.0 0 1 3 4 4
-3394.3 5160.1 -21.1 183 0 8.1 7.2 5.0 2.5 4 0 2 5 5
-3258.7 6219.3 7.4 85 0 8.5 9.4 7.5 2.5 2 1 3 5 5
-3488.9 6447.7 15.9 180 0 9.6 25.2 7.5 2.5 2 1 3 0 0
-3560.9 5486.3 -14.1 189 0 6.0 11.4 7.5 2.5 2 1 3 5 5
-2828.9 5055.2 -17.9 277 0 113.2 50.8 12.5 0.0 0 0 5 0 0
-3537.0 5586.3 -9.8 195 0 35.0 13.5 10.0 2.5 2 0 4 0 0
-3270.3 6305.3 16.7 290 0 7.6 8.6 7.5 2.5 2 1 3 0 0
-2350.7 5994.9 5.8 2 0 23.5 11.6 10.0 2.5 2 0 4 0 0
-4633.0 5726.3 -5.7 107 0 9.1 5.0 5.0 2.5 4 0 2 0 0
-3871.0 4986.9 -13.2 279 0 9.2 49.8 7.5 2.5 2 1 3 0 0
-3593.6 5465.7 -15.6 179 0 15.0 8.3 7.5 2.5 2 0 3 2 2
-3529.7 5480.3 -14.4 185 0 10.7 9.4 2.5 2.5 2 0 1 0 0
-3383.1 5158.2 -21.1 189 0 9.1 5.6 5.0 2.5 2 0 2 2 2
-3325.4 5322.7 -20.1 18 0 5.6 6.6 7.5 2.5 2 1 3 2 2
-3608.0 6288.9 8.3 179 0 6.3 8.4 5.0 2.5 2 1 2 1 1
-3366.2 6230.8 5.0 182 0 8.0 10.7 2.5 2.5 4 1 1 5 5
-3311.1 5139.7 -21.3 2 0 9.3 9.5 5.0 2.5 2 1 2 1 1
-3514.1 5494.2 -13.5 5 0 11.8 12.9 5.0 2.5 2 1 2 1 1
-2788.3 4684.0 -18.0 277 0 6.3 5.7 5.0 2.5 2 0 2 2 2
-3301.2 4894.6 -23.6 94 0 7.8 12.9 5.0 2.5 2 1 2 0 0
-4505.0 5519.6 -0.8 304 0 9.8 8.2 7.5 2.5 2 0 3 2 2
-3705.9 5729.4 -4.6 189 0 9.6 17.0 7.5 2.5 2 1 3 4 4
-3612.0 6080.8 -2.2 276 0 8.3 12.8 2.5 2.5 2 1 1 2 2
-3610.0 5383.7 -19.6 271 0 17.5 21.1 10.0 0.0 0 1 4 4 4
-3578.7 5506.1 -13.0 185 0 7.4 13.1 7.5 2.5 2 1 3 3 3
-3625.6 5670.4 -6.5 9 0 8.4 5.0 5.0 2.5 4 0 2 3 3
-3607.4 5455.0 -16.1 355 0 7.0 5.8 5.0 2.5 2 0 2 2 2
-3487.1 5638.8 -8.8 15 0 12.1 16.6 5.0 2.5 2 1 2 5 5
-3243.8 6237.6 10.1 85 0 9.2 7.3 5.0 2.5 2 0 2 1 1
-2971.7 5230.5 -19.0 93 0 23.3 47.7 12.5 0.0 0 1 5 2 2
-3243.6 5343.7 -20.0 104 0 8.6 11.3 5.0 2.5 2 1 2 2 2
-4526.2 5513.1 -0.9 122 0 7.3 10.2 2.5 2.5 2 1 1 0 0
-3642.0 5942.3 -8.3 177 0 7.5 13.2 7.5 2.5 2 1 3 4 4
-3268.8 6241.6 9.5 175 0 7.8 8.1 7.5 2.5 4 1 3 1 1
-3834.3 4987.1 -14.9 280 0 9.6 25.1 7.5 0.0 0 1 3 1 1
-3458.8 6269.3 6.6 272 0 22.8 7.4 7.5 2.5 2 0 3 1 1
-3555.3 5497.9 -13.7 188 0 15.0 19.6 7.5 2.5 2 1 3 3 3
-3682.6 5716.4 -4.9 99 0 9.4 12.3 7.5 2.5 2 1 3 0 0
-3610.4 6204.3 4.4 95 0 10.7 24.3 12.5 2.5 2 1 5 4 4
-2857.4 5229.9 -13.6 93 0 9.7 20.9 7.5 2.5 4 1 3 4 4
-3395.3 4965.2 -22.3 94 0 13.9 11.6 10.0 2.5 2 0 4 3 3
-2397.0 5696.6 -6.6 182 0 3.6 11.3 7.5 2.5 2 1 3 1 1
-2769.3 5238.1 -9.6 273 0 3.3 12.7 7.5 0.0 0 1 3 4 4
-3379.6 5320.0 -20.0 107 0 15.2 8.0 7.5 2.5 2 0 3 4 4
-2867.4 5353.4 -17.2 273 0 25.7 34.4 12.5 0.0 0 1 5 5 5
-3458.1 6464.1 16.3 344 0 12.7 14.7 7.5 0.0 0 1 3 3 3
-4506.4 5497.3 0.7 119 0 7.7 5.6 7.5 2.5 2 0 3 5 5
-3674.7 5772.8 -4.0 279 0 11.6 9.6 7.5 2.5 2 0 3 2 2
-3375.0 5202.9 -20.8 359 0 8.6 11.3 7.5 2.5 2 1 3 5 5
-3819.0 4972.0 -15.5 10 0 27.4 8.7 7.5 2.5 2 0 3 1 1
-3454.1 6418.1 16.5 360 0 18.8 18.3 12.5 2.5 4 0 5 0 0
-3505.8 5649.7 -8.6 285 0 4.9 15.5 2.5 2.5 2 1 1 5 5
-3505.9 5480.1 -14.2 5 0 8.0 10.0 7.5 2.5 4 1 3 1 1
-2777.7 5224.6 -10.0 93 0 6.0 17.6 5.0 2.5 4 1 2 3 3
-3593.5 5520.5 -12.4 183 0 11.7 4.6 2.5 2.5 2 0 1 0 0
-3137.8 6146.9 1.6 269 0 7.4 7.0 7.5 2.5 2 0 3 0 0
-3864.0 4936.1 -13.9 99 0 10.8 51.6 10.0 2.5 2 1 4 1 1
-3394.7 6482.6 19.9 89 0 8.0 8.3 5.0 0.0 0 1 2 3 3
-3236.4 5077.3 -21.7 4 0 3.9 8.9 7.5 2.5 2 1 3 3 3
-3491.7 5475.0 -14.5 5 0 10.5 11.0 2.5 2.5 2 1 1 3 3
-3572.7 5378.0 -19.6 272 0 15.1 16.6 10.0 2.5 2 1 4 3 3
-3601.5 5414.5 -18.3 359 0 7.4 7.3 2.5 2.5 2 0 1 1 1
-3264.4 5055.4 -21.9 184 0 10.4 12.4 7.5 2.5 2 1 3 0 0
-3582.7 6289.5 7.3 271 0 25.6 22.7 12.5 2.5 2 0 5 4 4
-3479.8 5370.8 -19.6 102 0 17.6 14.2 10.0 0.0 0 0 4 5 5
-3600.0 6467.8 18.3 93 0 9.9 8.3 2.5 2.5 4 0 1 2 2
-3644.4 5670.4 -6.3 99 0 12.5 13.2 5.0 2.5 2 1 2 3 3
-3344.8 5317.4 -20.1 103 0 11.1 11.1 5.0 2.5 2 0 2 4 4
-3585.9 4952.5 -22.3 190 0 6.3 6.1 7.5 2.5 2 0 3 4 4
-3405.0 6275.7 7.7 275 0 14.3 14.8 2.5 0.0 0 1 1 1 1
-3576.5 5519.1 -12.5 181 0 15.9 12.2 5.0 2.5 2 0 2 3 3
-4487.1 5480.3 1.2 108 0 14.6 16.7 5.0 2.5 2 1 2 0 0
-3602.3 5671.9 -6.9 9 0 21.8 21.8 12.5 2.5 2 0 5 3 3
-3596.6 6379.6 12.4 183 0 13.5 38.7 12.5 2.5 4 1 5 5 5
-2939.8 5213.1 -17.9 93 0 29.6 42.7 10.0 0.0 0 1 4 4 4
-3550.4 5691.9 -7.0 187 0 5.3 7.7 5.0 2.5 2 1 2 2 2
-3524.2 5762.8 -6.1 189 0 11.7 21.8 10.0 2.5 2 1 4 2 2
-3324.9 6159.8 1.1 92 0 10.2 9.4 2.5 2.5 4 0 1 0 0
-3656.4 5645.9 -6.6 99 0 6.4 5.4 2.5 2.5 2 0 1 2 2
-3219.4 6238.6 11.0 85 0 11.0 8.0 7.5 2.5 2 0 3 0 0
-3559.2 5322.5 -19.9 188 0 8.3 27.0 7.5 2.5 4 1 3 1 1
-3587.3 5508.0 -13.4 183 0 22.2 6.5 7.5 2.5 2 0 3 1 1
-3603.9 5393.0 -19.3 93 0 9.3 7.4 5.0 2.5 2 0 2 4 4
-3568.2 4972.2 -22.2 10 0 11.3 10.8 5.0 2.5 2 0 2 2 2
-3479.9 5777.8 -6.0 267 0 5.4 5.6 5.0 2.5 2 1 2 5 5
-3267.7 5842.5 -7.0 359 0 6.4 6.7 7.5 2.5 2 1 3 3 3
-3529.7 6325.9 10.6 1 0 12.5 16.2 7.5 2.5 2 1 3 1 1
-2921.5 5270.4 -17.1 3 0 16.7 29.0 12.5 2.5 2 1 5 0 0
-3219.4 6256.9 12.4 265 0 7.3 8.0 5.0 2.5 2 1 2 5 5
-3313.4 6179.2 2.0 92 0 10.4 6.6 7.5 2.5 2 0 3 1 1
-3670.3 4952.3 -22.1 100 0 7.1 9.1 5.0 2.5 2 1 2 5 5
-4489.7 5521.5 -0.9 288 0 11.3 8.1 5.0 2.5 2 0 2 2 2
-3616.1 6269.9 7.2 184 0 14.3 16.1 2.5 2.5 2 1 1 2 2
-2870.8 5254.4 -14.0 273 0 11.0 8.1 5.0 2.5 2 0 2 5 5
-3435.5 6255.7 5.9 185 0 10.7 39.2 10.0 0.0 0 1 4 0 0
-3583.9 5524.0 -11.9 180 0 5.4 5.9 7.5 2.5 2 1 3 2 2
-3330.1 4950.3 -22.6 184 0 9.5 8.0 7.5 2.5 2 0 3 4 4
-2927.0 5332.1 -17.4 273 0 21.6 48.4 12.5 2.5 2 1 5 3 3
-3519.6 5691.2 -7.7 276 0 9.8 22.4 7.5 2.5 2 1 3 0 0
-3364.7 4989.4 -22.2 184 0 8.7 11.3 5.0 2.5 2 1 2 4 4
-3377.8 5330.2 -20.0 102 0 11.4 9.5 7.5 2.5 2 0 3 4 4
-4515.2 5500.5 0.0 117 0 8.7 11.4 5.0 2.5 2 1 2 3 3
-3440.8 6172.9 2.0 2 0 9.9 6.0 2.5 2.5 2 0 1 1 1
-3307.6 4990.8 -22.3 274 0 7.9 14.2 7.5 0.0 0 1 3 2 2
-3454.7 5385.8 -19.2 99 0 13.1 6.2 7.5 2.5 2 0 3 2 2
-3281.9 5083.5 -21.7 184 0 6.9 7.3 5.0 2.5 2 1 2 1 1
-3736.3 5569.2 -9.9 100 0 7.4 7.4 2.5 2.5 2 0 1 4 4
-3193.4 6254.3 13.2 355 0 8.6 7.9 2.5 2.5 2 0 1 2 2
-3497.0 6259.3 6.4 185 0 6.1 12.8 7.5 0.0 0 1 3 4 4
-3269.0 5014.2 -22.2 94 0 3.7 12.6 7.5 2.5 2 1 3 0 0
-3571.1 5665.8 -7.2 10 0 6.3 10.3 5.0 2.5 4 1 2 3 3
-3512.3 6396.5 13.6 4 0 14.3 17.6 7.5 2.5 2 1 3 2 2
-3533.8 5372.9 -19.6 272 0 7.1 4.7 7.5 2.5 2 0 3 1 1
-3262.6 6180.8 2.1 2 0 6.5 7.0 2.5 2.5 2 1 1 0 0
-2535.5 5909.8 -1.5 92 0 11.0 14.1 2.5 2.5 2 1 1 5 5
-3123.1 6084.7 -3.7 179 0 12.3 14.6 2.5 2.5 2 1 1 1 1
-4479.4 5468.3 3.2 108 0 12.4 5.5 7.5 0.0 0 0 3 5 5
-3580.6 5637.6 -7.8 9 0 20.1 8.0 5.0 0.0 0 0 2 2 2
-3620.8 5395.6 -19.2 95 0 7.5 5.9 7.5 0.0 0 0 3 2 2
-3573.9 4927.8 -22.4 100 0 15.7 14.7 7.5 2.5 2 0 3 3 3
-3533.7 6397.2 13.5 357 0 12.0 14.4 7.5 2.5 2 1 3 3 3
-3521.8 5381.4 -19.5 89 0 4.5 16.3 7.5 0.0 0 1 3 2 2
-3186.8 6288.8 17.7 355 0 5.7 10.0 5.0 2.5 2 1 2 0 0
-3335.9 4493.2 -18.8 91 0 5.7 5.2 2.5 2.5 4 0 1 2 2
-3136.3 6080.9 -3.8 179 0 9.1 10.4 5.0 2.5 2 1 2 5 5
-3595.3 5505.4 -13.3 185 0 14.1 4.7 7.5 2.5 2 0 3 5 5
-3583.5 5658.7 -7.2 10 0 8.1 4.7 5.0 2.5 4 0 2 3 3
-3294.0 6182.1 1.9 2 0 7.4 7.5 7.5 2.5 2 1 3 5 5
-3295.6 5886.1 -5.8 269 0 7.5 6.0 5.0 2.5 2 0 2 0 0
-2538.0 5940.7 -0.5 182 0 9.1 7.4 7.5 2.5 2 0 3 2 2
-3415.4 5410.6 -17.8 19 0 8.1 5.5 2.5 2.5 2 0 1 4 4
-3137.3 4646.7 -28.9 94 0 12.4 21.8 7.5 2.5 2 1 3 0 0
-3483.6 5448.1 -16.1 275 0 6.0 7.4 7.5 2.5 2 1 3 1 1
-3462.9 5366.3 -19.6 106 0 7.3 5.1 7.5 2.5 4 0 3 4 4
-3672.8 5273.2 -20.1 100 0 7.4 8.3 7.5 2.5 2 1 3 0 0
-3434.5 6238.8 5.0 179 0 13.2 22.0 7.5 2.5 2 1 3 5 5
-3412.2 5363.3 -19.7 93 0 10.5 11.8 2.5 2.5 4 1 1 4 4
-3093.9 4757.2 -27.8 24 0 7.1 5.2 5.0 0.0 0 0 2 0 0
-3377.6 4997.4 -22.2 184 0 7.6 11.2 5.0 2.5 2 1 2 2 2
-3627.8 5486.1 -14.4 9 0 9.5 15.2 5.0 2.5 2 1 2 3 3
-3464.2 6173.3 2.1 179 0 7.2 14.2 7.5 2.5 2 1 3 1 1
-3680.6 5417.2 -18.3 99 0 11.9 12.2 5.0 0.0 0 1 2 3 3
-3281.4 6199.5 3.5 2 0 9.1 11.3 7.5 2.5 4 1 3 3 3
-3283.8 5032.0 -22.0 184 0 7.5 5.3 7.5 2.5 2 0 3 3 3
-3568.6 5442.8 -16.6 180 0 8.0 7.6 2.5 2.5 4 0 1 0 0
-3179.7 6229.3 11.3 91 0 4.0 8.0 7.5 2.5 4 1 3 5 5
-3498.9 5366.7 -19.7 269 0 7.7 16.4 7.5 2.5 2 1 3 5 5
-3599.6 5591.5 -8.5 16 0 12.3 9.5 5.0 2.5 4 0 2 2 2
-3244.0 4795.5 -25.6 194 0 6.8 5.0 2.5 2.5 2 0 1 5 5
-3452.1 5455.1 -15.4 5 0 8.5 8.8 5.0 2.5 2 1 2 3 3
-3106.9 6185.5 7.9 179 0 8.0 13.5 2.5 2.5 2 1 1 2 2
-3712.4 5661.4 -5.8 190 0 7.9 7.3 5.0 2.5 2 0 2 2 2
-3260.2 6146.9 -0.0 2 0 9.5 13.8 5.0 2.5 2 1 2 4 4
-3589.6 5550.3 -10.6 191 0 7.2 4.6 7.5 0.0 0 0 3 3 3
-3647.3 5552.7 -10.8 190 0 11.3 18.6 5.0 2.5 2 1 2 3 3
-3281.3 4656.5 -27.1 110 0 6.1 14.9 2.5 2.5 2 1 1 5 5
-3569.7 5722.9 -6.1 11 0 15.3 12.9 5.0 2.5 2 0 2 2 2
-3252.1 4824.6 -25.2 194 0 10.9 8.3 5.0 2.5 2 0 2 1 1
-3603.5 5647.2 -7.2 9 0 8.5 8.3 7.5 2.5 2 0 3 2 2
-3583.4 5415.2 -18.2 177 0 7.9 10.0 7.5 2.5 2 1 3 5 5
-3275.0 6121.9 -1.4 160 0 18.1 16.6 10.0 2.5 2 0 4 2 2
-3244.1 4902.5 -24.1 4 0 6.2 5.5 5.0 2.5 2 0 2 4 4
-3191.0 6228.0 10.7 90 0 9.2 12.4 5.0 2.5 2 1 2 1 1
-3309.9 5081.8 -21.8 4 0 39.2 15.5 10.0 2.5 2 0 4 3 3
-3453.5 5311.7 -20.0 1 0 4.3 8.1 2.5 2.5 2 1 1 2 2
-4650.2 5974.8 -5.8 178 0 34.9 43.1 15.0 0.0 0 1 6 2 2
-3210.9 6075.4 -3.5 90 0 22.6 15.9 10.0 2.5 2 0 4 0 0
-3332.2 6119.3 -0.9 92 0 9.4 11.2 5.0 2.5 2 1 2 3 3
-3585.2 5565.4 -10.0 195 0 16.7 6.4 5.0 2.5 4 0 2 5 5
-3296.6 5020.0 -22.1 4 0 15.4 14.2 10.0 2.5 2 0 4 0 0
-3573.9 5740.3 -5.6 12 0 5.0 18.4 7.5 2.5 2 1 3 5 5
-3374.5 5042.6 -21.9 187 0 7.6 12.9 5.0 2.5 2 1 2 2 2
-3423.9 5410.1 -18.0 2 0 13.9 9.1 7.5 2.5 2 0 3 4 4
-3160.8 5309.6 -20.4 279 0 11.6 11.4 7.5 2.5 2 0 3 0 0
-4170.6 5107.9 -1.5 89 0 8.1 10.5 2.5 2.5 2 1 1 0 0
-3672.8 6495.4 18.1 186 0 7.8 24.7 5.0 2.5 2 1 2 1 1
-3586.7 5424.2 -17.7 170 0 7.2 15.5 5.0 2.5 2 1 2 0 0
-3207.8 4906.7 -24.5 184 0 9.1 5.9 2.5 2.5 4 0 1 1 1
-3441.9 5432.0 -16.8 283 0 7.3 5.4 2.5 2.5 2 0 1 0 0
-3225.7 4915.0 -24.1 4 0 7.1 14.1 7.5 2.5 2 1 3 1 1
-3806.0 5700.6 -4.1 190 0 10.9 16.6 5.0 2.5 2 1 2 2 2
-3161.1 5380.3 -18.3 100 0 8.3 6.3 5.0 2.5 2 0 2 0 0
-3453.9 5351.7 -19.8 281 0 8.4 9.9 5.0 2.5 2 1 2 1 1
-3612.5 5526.0 -12.3 0 0 18.0 5.6 5.0 2.5 2 0 2 4 4
-3038.7 6056.9 -5.0 179 0 6.7 14.9 2.5 2.5 2 1 1 1 1
-3566.3 5844.0 -4.4 13 0 15.3 4.1 5.0 2.5 2 0 2 0 0
-3198.1 6148.2 -0.6 267 0 16.4 11.9 2.5 2.5 2 0 1 0 0
-3315.4 5029.4 -22.0 4 0 7.9 8.0 7.5 2.5 4 1 3 0 0
-3673.3 5462.2 -15.9 189 0 7.5 8.3 7.5 2.5 2 1 3 5 5
-3479.7 5334.1 -19.9 277 0 8.2 4.6 5.0 2.5 4 0 2 0 0
-3615.3 5549.8 -10.8 0 0 10.9 8.6 5.0 2.5 2 0 2 5 5
-3442.6 5403.0 -18.1 92 0 13.5 15.4 2.5 2.5 2 1 1 2 2
-3158.3 5284.1 -20.5 9 0 11.7 11.3 5.0 2.5 2 0 2 4 4
-3286.4 6274.3 12.7 200 0 9.2 9.3 7.5 2.5 2 1 3 0 0
-4567.3 5925.8 -8.6 2 0 13.3 22.6 10.0 2.5 2 1 4 1 1
-3022.6 6101.0 -2.6 269 0 9.8 11.9 5.0 2.5 2 1 2 4 4
-3549.5 5474.3 -14.8 189 0 10.9 3.3 7.5 2.5 2 0 3 5 5
-4172.3 5123.6 -1.6 179 0 5.7 5.4 2.5 2.5 2 0 1 3 3
-3291.1 6227.1 7.0 182 0 7.7 11.3 5.0 0.0 0 1 2 5 5
-4519.2 5978.7 -10.1 0 0 10.7 13.5 5.0 2.5 2 1 2 2 2
-3709.0 5672.7 -5.6 190 0 7.8 7.5 7.5 0.0 0 0 3 5 5
-3543.9 5458.0 -15.7 183 0 11.6 8.9 2.5 2.5 2 0 1 0 0
-3476.6 5354.9 -19.8 276 0 10.0 20.0 5.0 2.5 2 1 2 4 4
-3820.0 5703.7 -3.7 189 0 8.3 8.1 7.5 2.5 2 0 3 0 0
-3368.8 6213.8 3.7 182 0 6.5 6.1 7.5 2.5 2 0 3 0 0
-3604.4 5549.3 -10.8 0 0 10.3 9.3 2.5 2.5 2 0 1 5 5
-3286.0 6263.4 11.5 200 0 8.1 6.0 5.0 0.0 0 0 2 1 1
-3184.3 4817.4 -26.1 121 0 24.5 48.3 7.5 0.0 0 1 3 1 1
-3370.9 5118.2 -21.4 185 0 9.5 16.0 7.5 2.5 2 1 3 5 5
-3020.3 6044.4 -5.1 179 0 7.4 11.4 7.5 2.5 2 1 3 0 0
-3513.2 5441.4 -16.2 95 0 5.0 9.2 7.5 2.5 2 1 3 1 1
-2885.7 4555.1 -24.3 355 0 11.3 4.8 5.0 2.5 2 0 2 0 0
-3376.1 6177.8 2.0 182 0 5.1 7.2 5.0 2.5 2 1 2 5 5
-3682.5 5452.1 -16.7 190 0 10.0 15.1 10.0 2.5 2 1 4 0 0
-3285.9 6220.2 5.7 272 0 11.5 7.7 2.5 2.5 2 0 1 0 0
-2523.0 5970.9 0.6 182 0 21.0 13.0 10.0 2.5 2 0 4 3 3
-2324.8 5946.8 4.6 2 0 4.3 19.7 2.5 2.5 2 1 1 5 5
-3521.4 5422.5 -17.3 89 0 10.6 16.7 5.0 0.0 0 1 2 1 1
-3227.2 4314.2 -20.6 2 0 7.4 5.1 2.5 2.5 2 0 1 1 1
-3463.2 5469.7 -14.9 275 0 6.4 9.4 5.0 2.5 2 1 2 0 0
-3201.6 4834.7 -25.6 115 0 14.1 35.0 10.0 2.5 2 1 4 5 5
-3239.5 4951.2 -23.5 4 0 9.6 8.3 2.5 2.5 2 0 1 0 0
-3421.0 5253.7 -20.4 105 0 11.9 15.5 5.0 2.5 4 1 2 3 3
-4571.8 5999.5 -9.7 269 0 55.6 29.5 10.0 0.0 0 0 4 2 2
-3327.0 6137.0 -0.0 92 0 5.6 5.8 7.5 0.0 0 1 3 5 5
-3395.7 5080.2 -21.7 177 0 21.3 15.2 12.5 2.5 2 0 5 4 4
-3443.9 5339.6 -20.0 268 0 17.4 23.3 10.0 2.5 2 1 4 1 1
-3290.5 4184.5 -16.1 280 0 7.9 11.0 7.5 0.0 0 1 3 3 3
-3226.3 4947.9 -23.7 4 0 8.4 11.3 5.0 2.5 4 1 2 1 1
-3653.1 5844.7 -5.6 182 0 7.5 9.0 5.0 2.5 2 1 2 5 5
-2517.5 6000.2 1.8 182 0 16.6 10.7 5.0 2.5 2 0 2 3 3
-3471.8 5413.2 -17.6 93 0 21.5 13.6 12.5 2.5 4 0 5 4 4
-3284.1 6285.0 14.1 200 0 9.1 10.3 7.5 2.5 4 1 3 5 5
-3563.8 5463.4 -15.5 185 0 11.4 11.2 5.0 2.5 4 0 2 1 1
-3620.6 5515.5 -13.1 0 0 23.4 8.3 7.5 2.5 4 0 3 3 3
-3161.4 5257.8 -20.6 100 0 7.0 11.4 7.5 2.5 2 1 3 2 2
-3326.5 5146.4 -21.3 276 0 9.1 10.0 2.5 2.5 2 1 1 5 5
-3478.2 5287.1 -20.2 102 0 14.1 16.5 5.0 2.5 2 1 2 5 5
-3603.7 5508.8 -13.1 2 0 12.6 5.6 5.0 0.0 0 0 2 4 4
-2932.2 6196.5 5.6 343 0 14.8 8.6 7.5 2.5 2 0 3 0 0
-3550.2 5769.8 -5.3 12 0 14.1 7.0 5.0 2.5 2 0 2 3 3
-3339.0 5131.8 -21.3 5 0 8.2 13.4 7.5 2.5 2 1 3 1 1
-2389.0 5942.0 1.7 92 0 65.7 34.4 12.5 0.0 0 0 5 4 4
-3562.3 5476.3 -14.8 186 0 10.8 11.0 5.0 2.5 2 1 2 0 0
-3759.5 5787.2 -4.8 189 0 6.1 13.8 5.0 2.5 2 1 2 0 0
-3636.8 5871.8 -6.5 191 0 16.2 20.9 10.0 2.5 2 1 4 1 1
-3526.0 5446.4 -16.0 95 0 6.8 5.7 5.0 2.5 2 0 2 1 1
-3247.7 6219.9 7.8 85 0 9.9 10.2 5.0 2.5 4 1 2 2 2
-3480.2 5482.2 -13.9 0 0 5.9 7.9 7.5 2.5 2 1 3 1 1
-3279.2 4900.1 -23.8 94 0 11.6 11.9 10.0 2.5 2 1 4 4 4
-3279.9 6293.2 15.5 200 0 6.6 9.1 5.0 2.5 2 1 2 4 4
-2337.5 6029.1 6.9 272 0 14.0 35.4 10.0 2.5 2 1 4 1 1
-3582.4 5468.9 -15.5 183 0 21.7 13.4 10.0 2.5 2 0 4 5 5
-3116.0 4937.5 -25.5 294 0 20.8 38.4 10.0 0.0 0 1 4 0 0
-3474.2 5482.4 -15.0 275 0 3.7 21.6 5.0 2.5 2 1 2 5 5
-2365.4 5990.1 4.9 2 0 11.4 22.4 10.0 2.5 2 1 4 0 0
-3359.3 5251.6 -20.5 183 0 8.9 15.9 7.5 0.0 0 1 3 1 1
-3519.3 5443.1 -16.1 95 0 4.8 9.1 5.0 2.5 4 1 2 1 1
-3264.3 5066.5 -21.8 170 0 6.8 13.6 7.5 2.5 2 1 3 2 2
-3360.8 6176.3 1.8 182 0 7.1 10.9 7.5 2.5 2 1 3 1 1
-3353.8 6213.9 3.6 182 0 9.3 7.5 7.5 2.5 2 0 3 1 1
-2337.1 6039.4 8.8 272 0 17.4 7.8 2.5 2.5 2 0 1 3 3
-3536.2 5836.9 -4.0 4 0 9.4 16.5 5.0 2.5 2 1 2 5 5
-3222.2 4289.3 -20.6 6 0 14.8 12.4 7.5 2.5 2 0 3 4 4
-3230.0 4965.0 -23.4 4 0 14.2 8.6 7.5 2.5 2 0 3 2 2
-3355.0 5224.9 -20.7 183 0 5.8 9.1 7.5 2.5 2 1 3 4 4
-3616.9 5454.7 -16.1 1 0 8.0 9.1 7.5 0.0 0 1 3 3 3
-4620.4 5861.1 -7.4 111 0 13.3 29.0 12.5 2.5 2 1 5 4 4
-3564.1 6466.2 18.8 87 0 27.0 16.1 7.5 2.5 2 0 3 5 5
-3484.8 5477.1 -14.6 275 0 7.2 8.6 7.5 0.0 0 1 3 2 2
-3267.7 4936.5 -23.4 4 0 17.3 12.2 7.5 2.5 2 0 3 1 1
-3186.8 5264.5 -20.6 100 0 11.1 12.0 7.5 2.5 2 1 3 3 3
-3648.0 6058.5 -2.5 80 0 19.6 11.7 10.0 2.5 2 0 4 2 2
-2838.4 4935.6 -18.5 99 0 93.9 58.6 10.0 0.0 0 0 4 2 2
-3560.6 5510.2 -12.6 182 0 5.5 9.8 5.0 2.5 2 1 2 5 5
-4273.2 5258.6 1.8 89 0 9.5 6.6 2.5 2.5 2 0 1 1 1
-3514.6 5453.1 -15.5 95 0 8.7 5.8 7.5 0.0 0 0 3 4 4
-3851.2 5019.9 -14.9 280 0 10.8 21.2 5.0 2.5 4 1 2 0 0
-6087.8 4267.0 9.5 181 0 14.2 4.3 2.5 0.0 0 0 1 5 5
-6076.6 4154.0 8.0 91 0 10.5 9.9 7.5 2.5 2 0 3 5 5
-6097.8 4324.5 9.7 270 0 9.0 11.8 7.5 2.5 2 1 3 2 2
-5360.8 4147.0 11.0 100 0 11.8 15.1 7.5 2.5 4 1 3 2 2
-5969.8 4203.5 13.1 7 0 3.5 13.5 5.0 0.0 0 1 2 1 1
-6113.6 4286.3 8.7 179 0 11.5 10.0 5.0 2.5 2 0 2 0 0
-5955.9 4245.1 14.5 18 0 11.3 6.9 5.0 2.5 2 0 2 0 0
-6079.9 4209.7 9.0 183 0 3.9 11.0 7.5 2.5 2 1 3 0 0
-6082.7 4254.6 9.6 180 0 6.2 6.0 7.5 2.5 2 0 3 3 3
-5992.0 4239.7 12.7 7 0 7.5 11.7 5.0 2.5 2 1 2 2 2
-6112.9 4253.8 8.3 181 0 4.4 7.1 5.0 2.5 4 1 2 5 5
-6031.3 4247.4 11.4 286 0 4.0 8.0 7.5 0.0 0 1 3 0 0
-6056.0 4209.5 9.8 97 0 10.2 8.6 5.0 0.0 0 0 2 4 4
-6129.9 4263.1 7.6 180 0 10.8 11.6 2.5 2.5 2 1 1 3 3
-6447.0 4801.2 7.6 95 0 11.6 36.6 12.5 0.0 0 1 5 0 0
-6064.3 4146.5 8.4 91 0 13.3 5.1 7.5 2.5 2 0 3 5 5
-6048.5 4154.5 9.3 92 0 9.1 9.9 5.0 2.5 4 1 2 5 5
-6397.9 4874.0 10.4 6 0 19.7 18.9 12.5 2.5 2 0 5 3 3
-5982.1 4258.7 13.6 288 0 7.2 10.9 5.0 2.5 2 1 2 0 0
-6096.7 4279.0 9.3 178 0 9.4 5.0 2.5 2.5 2 0 1 5 5
-6079.6 4214.5 9.1 180 0 3.0 10.9 2.5 2.5 2 1 1 5 5
-6440.3 4883.1 8.7 281 0 8.5 42.6 7.5 2.5 4 1 3 0 0
-6084.2 4317.8 10.3 264 0 8.7 4.7 5.0 0.0 0 0 2 2 2
-6058.5 4280.5 10.7 299 0 4.4 8.0 5.0 2.5 2 1 2 4 4
-5997.2 4177.8 11.8 93 0 12.1 22.1 10.0 0.0 0 1 4 2 2
-6063.3 4228.5 9.9 187 0 9.8 6.9 2.5 2.5 2 0 1 5 5
-6128.3 4276.7 7.9 180 0 11.9 11.7 7.5 2.5 2 0 3 5 5
-6074.2 4406.6 11.4 263 0 5.7 6.1 7.5 2.5 2 1 3 4 4
-6348.3 4823.0 10.4 281 0 10.7 15.5 2.5 2.5 2 1 1 5 5
-4733.5 4360.0 5.4 27 0 7.5 28.8 7.5 2.5 2 1 3 0 0
-6426.2 4820.5 8.6 98 0 21.8 40.3 12.5 0.0 0 1 5 4 4
-6101.5 4252.9 8.7 176 0 6.6 7.3 7.5 2.5 2 1 3 2 2
-6052.0 4268.7 11.0 220 0 6.7 9.0 7.5 2.5 2 1 3 5 5
-5942.4 4184.8 14.1 7 0 14.2 5.0 2.5 2.5 2 0 1 2 2
-5965.4 4150.5 12.9 97 0 4.6 9.0 5.0 0.0 0 1 2 3 3
-6042.9 4179.4 9.9 95 0 8.4 6.4 5.0 2.5 2 0 2 2 2
-6139.0 4249.5 7.0 179 0 7.6 6.4 5.0 2.5 2 0 2 5 5
-6095.9 4310.1 9.6 270 0 11.4 8.0 7.5 0.0 0 0 3 3 3
-4932.5 4144.2 10.0 276 0 6.1 7.8 7.5 0.0 0 1 3 2 2
-6113.0 4272.7 8.5 183 0 12.0 10.7 7.5 2.5 2 0 3 3 3
-5267.0 4153.8 7.8 276 0 8.3 9.8 5.0 2.5 2 1 2 2 2
-5965.3 4250.0 14.2 7 0 5.3 8.8 7.5 2.5 2 1 3 3 3
-6140.8 4299.1 7.8 177 0 7.9 8.2 2.5 2.5 2 1 1 2 2
-6061.8 4153.3 8.6 93 0 10.8 12.7 5.0 2.5 4 1 2 4 4
-6012.2 4265.9 12.2 288 0 12.0 12.6 5.0 2.5 2 1 2 5 5
-6023.6 4265.2 11.9 300 0 5.0 8.5 5.0 2.5 4 1 2 1 1
-5939.3 4247.8 15.3 24 0 4.8 7.5 7.5 2.5 2 1 3 1 1
-6080.9 4295.0 9.9 270 0 10.5 12.4 2.5 2.5 2 1 1 4 4
-5994.3 4226.1 12.6 7 0 5.1 6.8 7.5 2.5 2 1 3 1 1
-6025.3 4212.1 11.1 97 0 12.0 16.7 5.0 2.5 2 1 2 0 0
-5951.9 4150.3 13.5 97 0 4.5 9.8 5.0 2.5 2 1 2 5 5
-6046.4 4145.7 9.2 91 0 9.7 4.7 5.0 2.5 2 0 2 2 2
-6031.4 4195.0 10.7 96 0 4.8 6.6 2.5 2.5 2 1 1 3 3
-6014.1 4197.6 11.4 99 0 9.8 7.4 7.5 0.0 0 0 3 3 3
-6061.8 4171.7 9.0 92 0 8.8 9.4 5.0 2.5 2 1 2 3 3
-6080.0 4147.8 7.8 91 0 9.0 3.6 5.0 2.5 4 0 2 2 2
-6098.6 4239.7 8.6 173 0 6.3 6.6 7.5 0.0 0 1 3 3 3
-6067.0 4324.0 11.0 270 0 9.0 12.0 7.5 2.5 2 1 3 3 3
-6064.8 4338.6 11.5 269 0 7.3 5.8 7.5 2.5 2 0 3 3 3
-6130.0 4299.9 8.3 180 0 5.4 10.5 5.0 2.5 2 1 2 3 3
-5944.1 4150.1 13.8 97 0 4.3 9.5 7.5 2.5 2 1 3 1 1
-6044.3 4190.5 10.1 94 0 7.8 5.1 5.0 2.5 2 0 2 1 1
-6075.2 4167.1 8.3 90 0 10.7 9.5 5.0 2.5 2 0 2 5 5
-6413.7 4749.9 6.5 272 0 15.2 15.0 7.5 2.5 2 0 3 3 3
-6410.6 4763.4 7.1 272 0 14.7 12.1 2.5 2.5 2 0 1 3 3
-6438.8 4750.7 6.4 187 0 3.7 11.5 5.0 2.5 2 1 2 0 0
-6454.7 4747.2 5.7 180 0 14.1 12.9 7.5 2.5 2 0 3 1 1
-6431.5 4778.4 7.3 186 0 10.4 16.2 7.5 2.5 2 1 3 2 2
-5938.8 4292.9 15.8 307 0 21.9 9.3 7.5 2.5 2 0 3 3 3
-5926.7 4287.2 16.4 277 0 5.6 16.3 7.5 2.5 2 1 3 5 5
-6389.4 4779.5 8.1 279 0 5.1 15.2 7.5 2.5 2 1 3 1 1
-6375.7 4738.1 7.3 279 0 20.7 10.9 2.5 2.5 2 0 1 3 3
-6081.9 4441.2 11.1 178 0 5.4 8.3 5.0 2.5 2 1 2 2 2
-6400.1 4777.7 7.9 280 0 9.6 10.2 7.5 2.5 2 1 3 0 0
-6371.8 4757.1 8.0 13 0 13.6 11.9 7.5 2.5 2 0 3 3 3
-6433.8 4760.9 6.6 272 0 6.7 7.6 7.5 2.5 2 1 3 5 5
-6456.9 4760.5 6.1 182 0 9.6 17.1 5.0 2.5 2 1 2 1 1
-6421.6 4717.6 5.5 268 0 8.2 13.0 2.5 2.5 2 1 1 1 1
-6323.6 4745.6 9.0 279 0 15.3 11.3 5.0 2.5 2 0 2 4 4
-566.7 6767.9 11.5 268 0 10.7 19.0 10.0 2.5 4 1 4 1 1
-610.2 6779.6 9.2 86 0 8.7 31.5 7.5 2.5 2 1 3 1 1
-2130.8 6747.3 21.5 270 0 17.1 16.1 10.0 0.0 0 0 4 0 0
-593.8 6694.2 14.2 134 0 22.9 36.0 10.0 0.0 0 1 4 0 0
-2181.4 6609.1 26.2 91 0 27.5 22.9 10.0 0.0 0 0 4 3 3
-570.6 6782.5 8.7 86 0 9.0 32.5 7.5 0.0 0 1 3 3 3
-2225.9 6576.2 28.6 275 0 16.2 13.8 7.5 2.5 2 0 3 1 1
-2101.1 6733.7 21.6 0 0 13.7 12.2 7.5 2.5 4 0 3 2 2
-478.3 6581.1 21.5 94 0 16.9 16.3 10.0 0.0 0 0 4 2 2
-535.6 6619.5 20.8 281 0 22.9 25.0 12.5 2.5 4 1 5 1 1
-2227.5 6650.9 25.5 179 0 10.7 22.0 2.5 2.5 2 1 1 0 0
-498.7 6612.6 20.7 239 0 19.1 15.2 7.5 0.0 0 0 3 3 3
-2044.9 6683.4 22.6 352 0 20.7 10.2 2.5 2.5 2 0 1 3 3
-697.0 6712.2 14.5 96 0 30.5 22.3 10.0 0.0 0 0 4 1 1
-1489.2 6571.9 23.9 85 0 90.2 12.7 10.0 2.5 2 0 4 2 2
-590.7 6781.2 8.9 85 0 7.3 32.3 2.5 2.5 2 1 1 4 4
-2042.8 6646.4 24.1 2 0 16.3 18.7 10.0 2.5 2 1 4 2 2
-713.8 6791.1 10.6 246 0 28.8 42.8 10.0 0.0 0 1 4 1 1
-2264.6 6570.9 29.1 274 0 17.1 15.5 7.5 2.5 2 0 3 1 1
-628.7 6777.6 9.4 86 0 9.3 31.9 7.5 2.5 2 1 3 3 3
-1682.8 6744.8 19.1 92 0 23.0 14.8 10.0 2.5 2 0 4 4 4
-2137.1 6578.7 27.8 269 0 23.4 27.9 12.5 0.0 0 1 5 5 5
-1568.4 6572.0 24.3 175 0 13.3 17.7 5.0 2.5 2 1 2 3 3
-2206.1 6581.2 28.3 276 0 17.0 15.1 10.0 2.5 2 0 4 3 3
-446.7 6601.9 20.3 4 0 18.2 18.2 10.0 2.5 4 1 4 3 3
-2192.3 6685.9 24.0 188 0 15.7 20.1 7.5 2.5 2 1 3 1 1
-454.5 6576.8 21.4 52 0 14.0 13.0 5.0 0.0 0 0 2 3 3
-2113.5 6644.4 24.3 112 0 12.4 22.8 5.0 2.5 2 1 2 5 5
-2196.3 6761.2 21.5 276 0 7.8 21.0 5.0 2.5 2 1 2 0 0
-2796.9 6549.6 51.2 59 0 20.2 12.9 12.5 2.5 2 0 5 2 2
-3551.9 6540.7 22.2 357 0 29.1 28.1 10.0 0.0 0 0 4 0 0
-2464.4 6585.7 32.2 277 0 15.1 17.2 10.0 2.5 2 1 4 0 0
-2465.6 6555.5 31.5 100 0 25.3 10.3 10.0 0.0 0 0 4 2 2
-3101.9 6605.0 38.1 300 0 6.6 7.3 5.0 2.5 2 1 2 5 5
-2310.8 6659.7 26.1 27 0 6.0 25.7 5.0 2.5 2 1 2 3 3
-2527.6 6622.0 36.9 211 0 14.3 14.6 5.0 0.0 0 1 2 4 4
-3254.9 6751.3 33.1 100 0 6.5 6.1 5.0 2.5 2 0 2 2 2
-3534.4 6537.2 23.0 359 0 22.8 12.7 10.0 2.5 2 0 4 1 1
-2513.8 6646.1 36.2 216 0 19.3 19.2 10.0 2.5 2 0 4 1 1
-2393.4 6712.0 30.8 71 0 11.5 21.3 5.0 2.5 2 1 2 4 4
-2526.7 6532.7 35.3 100 0 24.4 15.5 12.5 2.5 2 0 5 3 3
-2555.0 6565.0 37.7 126 0 21.6 16.3 12.5 2.5 2 0 5 1 1
-2404.3 6649.8 30.3 33 0 14.9 14.1 2.5 2.5 2 0 1 3 3
-2310.7 6565.0 29.5 230 0 15.0 22.6 7.5 2.5 2 1 3 3 3
-3415.6 6778.8 39.2 279 0 5.1 20.0 2.5 2.5 2 1 1 0 0
-2337.0 6574.2 29.4 8 0 12.5 20.6 7.5 2.5 2 1 3 2 2
-2328.4 6788.1 27.8 23 0 22.2 11.4 10.0 2.5 2 0 4 5 5
-3415.4 6618.0 27.0 146 0 15.6 12.0 5.0 2.5 2 0 2 1 1
-2765.8 6571.4 51.3 275 0 23.0 14.1 12.5 0.0 0 0 5 2 2
-2404.7 6524.8 31.4 91 0 14.4 13.9 5.0 2.5 2 0 2 5 5
-2417.9 6568.8 30.2 358 0 10.3 16.6 5.0 2.5 2 1 2 2 2
-2351.6 6746.7 28.8 342 0 15.1 11.1 5.0 2.5 2 0 2 5 5
-3125.0 6600.3 35.2 282 0 4.9 10.7 2.5 2.5 2 1 1 4 4
-16.5 6784.3 -2.8 23 0 18.7 10.5 7.5 2.5 4 0 3 3 3
-1185.9 6773.8 15.0 270 0 7.3 11.2 5.0 2.5 2 1 2 4 4
-1153.7 6740.6 16.7 3 0 7.7 8.4 2.5 2.5 2 1 1 0 0
-576.8 6623.3 20.8 277 0 6.9 21.4 5.0 2.5 2 1 2 4 4
-2017.2 2714.6 -34.6 205 0 9.4 17.7 5.0 2.5 2 1 2 1 1
-1927.9 2600.6 -34.3 29 0 5.6 8.7 7.5 2.5 2 1 3 4 4
-1902.3 2669.1 -29.0 301 0 5.0 9.2 2.5 2.5 2 1 1 2 2
-1954.1 2604.1 -35.6 116 0 7.3 5.0 5.0 2.5 2 0 2 2 2
-1299.1 3982.4 -3.8 88 0 14.2 10.8 7.5 2.5 2 0 3 5 5
-574.0 5746.6 21.0 200 0 9.9 4.8 5.0 2.5 2 0 2 2 2
-669.2 5657.0 23.8 359 0 11.3 18.4 10.0 0.0 0 1 4 5 5
-587.3 5779.4 20.9 197 0 12.9 26.1 7.5 2.5 2 1 3 1 1
-592.4 5766.3 20.9 199 0 12.1 27.1 7.5 2.5 2 1 3 2 2
-595.7 5729.1 21.5 188 0 6.7 10.5 5.0 2.5 2 1 2 4 4
-756.8 4104.1 4.2 105 0 8.8 33.9 7.5 2.5 2 1 3 3 3
-730.1 4130.4 5.7 3 0 10.0 9.3 5.0 2.5 4 0 2 0 0
-471.2 6331.4 23.3 189 0 17.6 16.7 10.0 2.5 2 0 4 0 0
-1976.6 5195.1 9.1 0 0 12.6 12.3 7.5 2.5 2 0 3 3 3
-2025.3 5216.4 8.5 268 0 5.3 9.3 2.5 2.5 2 1 1 2 2
-2013.1 5218.3 8.3 268 0 4.5 10.0 5.0 2.5 2 1 2 3 3
-1986.7 5225.7 7.8 270 0 15.0 18.4 17.5 0.0 0 1 7 1 1
-475.7 6307.7 23.5 191 0 29.0 16.3 10.0 2.5 2 0 4 1 1
-2027.0 6392.1 33.0 183 0 34.3 38.6 12.5 0.0 0 1 5 2 2
-2006.0 5218.6 8.3 270 0 6.8 10.2 2.5 2.5 2 1 1 5 5
-6765.2 4380.8 1.4 3 0 13.9 10.2 7.5 2.5 2 0 3 1 1
-6801.9 4408.8 2.8 1 0 9.6 24.8 7.5 2.5 2 1 3 2 2
-6864.3 4327.2 0.6 4 0 13.2 23.2 10.0 0.0 0 1 4 5 5
-6603.8 2539.6 -6.3 16 0 11.9 10.4 5.0 2.5 2 0 2 3 3
-4898.5 3051.0 -8.8 9 0 8.2 9.8 5.0 2.5 2 1 2 2 2
-6583.3 2574.6 -7.2 288 0 9.9 7.5 2.5 2.5 2 0 1 4 4
-6614.2 2699.3 -10.3 89 0 18.9 12.4 5.0 2.5 2 0 2 2 2
-6635.2 2715.8 -10.4 93 0 7.2 13.8 7.5 0.0 0 1 3 4 4
-4896.5 3064.8 -9.3 9 0 15.9 9.7 5.0 2.5 2 0 2 2 2
-6859.8 2627.9 -16.3 93 0 17.0 16.1 12.5 2.5 4 0 5 5 5
-6578.9 2588.2 -7.5 289 0 10.4 12.5 2.5 2.5 2 1 1 1 1
-6615.9 2665.7 -9.5 90 0 17.2 13.7 7.5 2.5 2 0 3 1 1
-6689.3 2631.8 -8.7 186 0 15.0 15.7 7.5 2.5 2 1 3 2 2
-5001.9 3083.7 -8.4 272 0 11.0 24.4 10.0 2.5 4 1 4 5 5
-6669.2 2636.2 -8.3 182 0 9.6 13.7 2.5 2.5 2 1 1 4 4
-6652.2 2666.1 -8.8 269 0 9.6 17.6 5.0 2.5 2 1 2 1 1
-5902.7 4458.9 16.4 90 0 10.6 5.4 2.5 0.0 0 0 1 5 5
-5983.1 4496.8 13.8 265 0 5.0 6.7 2.5 2.5 2 1 1 4 4
-5903.1 4520.8 16.2 261 0 5.5 9.8 5.0 2.5 2 1 2 4 4
-6080.7 4479.3 10.9 167 0 7.2 4.9 7.5 2.5 2 0 3 1 1
-5927.2 4514.1 15.4 259 0 6.4 8.5 7.5 2.5 2 1 3 1 1
-5988.1 4474.0 13.7 86 0 5.9 6.1 7.5 2.5 2 1 3 3 3
-6891.5 4616.5 5.2 180 0 12.1 10.2 5.0 2.5 2 0 2 4 4
-5941.3 4509.9 14.9 264 0 10.9 6.7 5.0 2.5 2 0 2 3 3
-5921.3 4477.1 15.8 92 0 6.3 10.4 5.0 0.0 0 1 2 0 0
-6105.5 4460.7 10.2 164 0 8.0 6.5 7.5 2.5 4 0 3 2 2
-6478.5 2579.1 -10.3 292 0 13.3 18.8 5.0 2.5 2 1 2 4 4
-6040.9 1874.0 -8.6 181 0 21.2 11.8 7.5 2.5 2 0 3 0 0
-5814.8 2352.4 -9.6 106 0 19.6 10.8 5.0 2.5 2 0 2 3 3
-6489.5 2818.4 -15.2 287 0 32.0 46.8 12.5 0.0 0 1 5 1 1
-6469.6 2563.3 -10.5 296 0 11.0 7.7 2.5 2.5 4 0 1 4 4
-6611.8 2685.4 -10.0 89 0 21.8 12.1 7.5 2.5 2 0 3 2 2
-6679.6 2562.6 -7.3 191 0 19.1 27.3 10.0 2.5 2 1 4 0 0
-5408.1 2078.7 3.1 282 0 14.0 28.4 12.5 2.5 2 1 5 4 4
-1587.0 2376.5 -41.4 269 0 9.1 12.5 2.5 2.5 2 1 1 3 3
-1426.9 2252.9 -41.5 100 0 20.6 22.9 7.5 2.5 2 1 3 3 3
-6875.5 883.2 -8.8 227 0 22.4 25.7 12.5 2.5 2 1 5 4 4
-6865.4 903.7 -9.8 229 0 7.9 14.6 7.5 0.0 0 1 3 5 5
-6895.1 888.7 -9.6 139 0 15.8 16.5 10.0 0.0 0 1 4 2 2
-6902.4 1029.7 -16.2 218 0 12.5 10.9 5.0 0.0 0 0 2 0 0
-6911.3 873.8 -8.4 138 0 15.4 16.6 10.0 2.5 2 1 4 3 3
-6908.3 982.3 -13.4 226 0 8.1 17.5 2.5 2.5 2 1 1 3 3
-6851.7 958.4 -13.1 307 0 13.3 24.8 15.0 0.0 0 1 6 1 1
-5601.6 107.1 -9.8 205 0 24.8 69.6 10.0 0.0 0 1 4 2 2
-5505.8 132.4 -11.3 22 0 26.6 71.1 10.0 0.0 0 1 4 5 5
-5485.3 121.6 -8.4 204 0 27.7 53.1 12.5 0.0 0 1 5 1 1
-5270.3 46.4 -7.7 285 0 19.0 41.8 10.0 2.5 2 1 4 2 2
-5489.5 172.9 -12.3 22 0 25.9 62.9 7.5 0.0 0 1 3 0 0
-5487.7 206.0 -13.0 22 0 23.4 44.5 10.0 2.5 2 1 4 3 3
-5501.7 95.5 -7.5 210 0 16.9 26.9 12.5 0.0 0 1 5 1 1
-5486.5 268.5 -14.5 22 0 18.3 15.7 10.0 0.0 0 0 4 1 1
-3348.5 -1857.2 -10.5 294 0 12.9 30.7 10.0 2.5 2 1 4 5 5
-5835.7 39.7 -12.6 304 0 37.5 41.9 12.5 0.0 0 1 5 0 0
-3144.8 -1926.6 -14.6 43 0 37.2 18.2 15.0 2.5 2 0 6 2 2
-3189.7 -1899.4 -12.4 117 0 18.4 50.8 10.0 2.5 4 1 4 2 2
278.2 -3691.7 -40.5 290 0 39.2 35.1 7.5 0.0 0 0 3 4 4
717.7 -4129.3 -44.1 291 0 34.6 76.8 10.0 0.0 0 1 4 3 3
1355.9 -4930.0 -56.2 148 0 9.3 17.2 7.5 2.5 2 1 3 4 4
1866.3 -5925.6 -58.4 124 0 15.8 19.3 10.0 2.5 4 1 4 1 1
-6898.1 747.4 -4.9 129 0 13.8 16.6 10.0 2.5 2 1 4 2 2
-6904.0 739.3 -5.5 228 0 15.6 24.5 7.5 2.5 4 1 3 2 2
-6878.0 702.3 -5.1 148 0 12.5 15.6 5.0 2.5 4 1 2 3 3
-6882.0 745.4 -4.6 225 0 11.3 17.9 7.5 2.5 4 1 3 2 2
-6864.3 699.3 -5.0 233 0 14.0 23.0 7.5 2.5 2 1 3 4 4
-6854.4 703.6 -4.4 146 0 16.9 15.1 10.0 2.5 2 0 4 4 4
-6839.9 686.7 -4.5 144 0 20.0 15.1 7.5 2.5 2 0 3 1 1
-6906.0 653.0 -7.1 131 0 14.7 18.9 5.0 0.0 0 1 2 5 5
-6889.7 810.9 -5.7 140 0 15.3 19.7 12.5 2.5 2 1 5 1 1
1639.1 -5757.2 -48.1 181 0 14.7 24.7 14.0 3.5 2 1 4 4 4
