3738.4 4515.9 -9.2 89 0 19.1 29.0 5.0 2.5 2 1 2 0 0
4560.4 5267.8 -0.4 73 0 16.0 17.6 7.5 0.0 0 1 3 3 3
4659.9 5044.1 2.8 266 0 19.7 18.2 10.0 2.5 2 0 4 4 4
4691.1 5042.4 3.1 279 0 20.2 17.7 10.0 0.0 0 0 4 0 0
4591.4 5084.9 2.2 359 0 12.9 21.5 7.5 2.5 2 1 3 0 0
4855.8 5078.2 5.0 169 0 18.1 17.4 7.5 0.0 0 0 3 5 5
4897.4 5071.5 5.2 16 0 15.5 17.5 5.0 2.5 2 1 2 4 4
4834.3 4975.3 3.7 97 0 7.1 14.6 2.5 2.5 2 1 1 0 0
4485.3 5210.5 -0.8 356 0 23.1 32.0 10.0 0.0 0 1 4 0 0
4455.8 5282.5 -1.8 266 0 17.5 15.3 10.0 2.5 2 0 4 1 1
4455.1 5129.0 0.3 268 0 19.6 17.4 10.0 2.5 2 0 4 1 1
4505.6 5407.8 -1.7 211 0 17.6 21.5 10.0 2.5 2 1 4 3 3
4450.0 5022.3 0.8 90 0 13.1 25.7 10.0 2.5 2 1 4 3 3
4344.5 5190.5 -2.3 356 0 17.8 16.9 7.5 2.5 2 0 3 3 3
4183.9 5093.2 -3.1 93 0 23.2 16.7 10.0 2.5 2 0 4 1 1
3436.2 4837.4 -7.5 180 0 23.1 45.5 10.5 0.0 0 1 3 3 3
3446.4 4737.9 -8.3 272 0 11.0 22.1 10.5 3.5 2 1 3 0 0
3476.0 4741.8 -8.2 267 0 11.9 23.6 10.5 3.5 2 1 3 1 1
3243.3 5058.5 -5.7 94 0 37.8 16.8 14.0 0.0 0 0 4 3 3
3214.0 4901.5 -7.4 92 0 26.3 21.5 14.0 3.5 2 0 4 0 0
3161.3 5101.1 -5.0 179 0 27.8 40.4 14.0 0.0 0 1 4 3 3
3170.7 4954.8 -6.6 5 0 18.7 28.0 10.0 2.5 2 1 4 2 2
2970.2 4904.7 -11.7 88 0 17.1 15.0 10.0 2.5 4 0 4 3 3
3002.5 4944.4 -9.7 254 0 9.4 13.2 5.0 2.5 2 1 2 2 2
2917.7 5424.8 -9.2 88 0 20.7 16.6 10.0 2.5 2 0 4 3 3
2826.3 5437.0 -11.0 273 0 10.6 20.1 10.0 2.5 4 1 4 5 5
2814.2 5402.8 -10.9 178 0 16.5 21.5 7.5 2.5 2 1 3 5 5
3693.7 5098.4 0.4 88 0 24.5 14.8 10.0 0.0 0 0 4 4 4
3663.1 4868.7 -3.4 269 0 12.3 16.3 10.5 3.5 2 1 3 5 5
4111.2 4975.9 -3.5 5 0 19.3 76.3 10.0 2.5 2 1 4 5 5
