3897.7 -2495.0 14.4 190 0 9.8 41.1 7.0 3.5 2 1 2 2 2
3373.0 -2589.2 27.5 19 0 16.9 21.4 14.0 3.5 2 0 4 4 4
3417.5 -2480.5 26.2 22 0 6.9 19.1 10.5 3.5 2 0 3 5 5
3356.2 -2551.8 27.4 198 0 24.5 28.3 14.0 3.5 2 0 4 5 5
3376.8 -2576.0 27.4 12 0 10.2 19.7 7.0 3.5 2 0 2 4 4
3435.6 -2441.7 26.3 31 1 10.5 18.7 14.0 3.5 2 0 4 2 2
3440.4 -2432.4 26.3 25 1 10.7 19.6 14.0 3.5 2 0 4 0 0
3445.5 -2422.9 26.2 32 1 11.2 19.9 14.0 3.5 2 0 4 1 1
3476.1 -2375.3 26.7 200 0 35.5 21.6 14.0 0.0 0 0 4 5 5
3389.5 -2567.9 27.5 202 0 16.5 15.0 14.0 3.5 2 0 4 2 2
3395.9 -2554.6 27.5 210 1 13.8 18.7 14.0 3.5 2 0 4 1 1
3412.8 -2517.9 27.0 197 1 13.8 18.0 14.0 3.5 2 0 4 1 1
3420.0 -2502.6 26.8 202 1 12.1 16.1 14.0 3.5 2 0 4 1 1
3536.0 -2542.5 22.4 78 0 51.8 21.9 14.0 3.5 2 0 4 0 0
3472.6 -2496.0 25.3 204 1 13.5 19.7 14.0 3.5 2 1 4 0 0
3485.8 -2466.0 25.0 205 0 18.8 22.2 14.0 3.5 2 1 4 1 1
3494.2 -2448.3 25.0 197 0 15.2 23.3 14.0 3.5 2 1 4 3 3
3502.7 -2429.1 25.2 196 0 12.2 21.4 14.0 3.5 2 1 4 4 4
3517.2 -2395.4 25.0 196 1 10.4 20.8 14.0 3.5 2 0 4 0 0
3527.7 -2347.8 26.5 16 1 14.2 16.3 14.0 3.5 2 1 4 3 3
3536.0 -2325.2 27.5 21 1 13.1 17.8 14.0 3.5 2 0 4 3 3
3496.1 -2331.0 26.8 199 0 14.2 18.0 14.0 3.5 2 1 4 5 5
3515.3 -2305.7 26.0 285 1 17.3 13.5 14.0 3.5 2 0 4 4 4
3500.3 -2318.8 26.5 199 0 8.8 15.8 10.5 3.5 2 0 3 1 1
2607.9 -2490.1 13.6 3 0 41.6 35.2 7.5 0.0 0 0 3 5 5
3899.6 -2479.4 14.3 185 0 8.6 60.9 10.5 3.5 4 1 3 5 5
3770.4 -802.2 1.8 186 0 37.6 25.9 10.0 2.5 2 0 4 3 3
3609.4 -2492.8 21.7 73 0 12.5 21.2 14.0 3.5 2 0 4 3 3
3609.1 -2467.5 22.3 4 0 9.2 17.4 10.5 3.5 2 0 3 3 3
3626.0 -2449.2 22.8 275 0 16.4 18.4 14.0 3.5 2 1 4 1 1
3636.4 -2432.9 24.4 6 0 5.6 20.1 10.5 3.5 4 1 3 1 1
3609.7 -2384.3 26.2 14 1 13.7 15.3 14.0 3.5 2 1 4 5 5
3616.0 -2362.8 27.4 15 1 12.3 16.1 14.0 3.5 2 1 4 5 5
3584.6 -2386.1 26.1 105 1 10.0 10.9 14.0 3.5 2 1 4 0 0
3642.2 -2402.1 26.1 13 0 6.9 16.6 10.5 3.5 2 1 3 0 0
3641.4 -2425.2 25.0 184 1 10.6 19.6 14.0 3.5 2 1 4 3 3
2196.6 -4180.8 28.3 97 0 18.9 23.4 7.5 0.0 0 1 3 1 1
4643.5 -2644.1 6.8 12 0 18.7 39.4 10.0 2.5 2 1 4 1 1
3435.9 -2556.7 26.9 18 0 9.4 8.9 10.5 3.5 2 0 3 5 5
3444.3 -2538.1 26.6 27 0 9.4 10.0 10.5 0.0 0 1 3 4 4
3461.4 -2497.6 26.2 17 0 8.4 16.1 10.5 3.5 2 0 3 3 3
3493.4 -2421.8 26.3 22 0 6.6 18.8 10.5 3.5 2 0 3 0 0
3440.5 -2675.7 26.0 94 0 14.5 21.2 14.0 3.5 2 1 4 4 4
3607.0 -2759.1 19.8 286 0 20.5 27.8 14.0 3.5 2 1 4 1 1
3638.0 -2728.9 18.8 197 0 33.7 26.3 14.0 0.0 0 0 4 0 0
3681.3 -2621.4 18.5 90 0 10.6 30.8 10.5 3.5 2 1 3 3 3
3959.7 -2333.5 20.6 2 0 5.7 27.8 10.5 3.5 2 1 3 1 1
3971.7 -2296.8 21.4 15 0 10.9 26.6 10.5 3.5 2 0 3 3 3
3974.1 -2286.8 21.6 11 0 8.9 29.8 10.5 3.5 2 0 3 5 5
3985.1 -2227.9 22.9 282 0 11.0 9.5 10.5 3.5 4 0 3 4 4
3943.9 -2220.2 24.4 199 0 8.0 11.3 10.5 3.5 2 1 3 4 4
2140.0 -5597.6 56.7 292 0 81.9 61.9 10.0 0.0 0 0 4 4 4
2427.3 -4108.7 31.6 7 0 18.8 12.4 5.0 2.5 2 0 2 2 2
3943.6 -2691.3 10.5 190 0 13.8 32.7 14.0 3.5 2 1 4 3 3
3973.9 -2569.5 9.8 194 0 9.0 42.5 10.5 3.5 2 1 3 4 4
3900.3 -2824.4 11.8 191 0 13.2 29.9 14.0 0.0 0 1 4 5 5
1206.5 -2853.5 4.2 77 0 27.5 67.4 7.5 0.0 0 1 3 4 4
3336.3 -2506.1 24.9 291 0 11.6 47.8 10.5 3.5 2 1 3 3 3
1432.4 -2945.1 11.4 175 0 98.3 31.9 10.0 0.0 0 0 4 4 4
3934.5 -2536.9 12.9 96 0 36.7 3.8 10.5 3.5 2 0 3 3 3
-5853.6 5743.6 -64.8 273 0 41.3 9.9 7.5 2.5 2 0 3 1 1
3462.4 -2379.0 25.7 24 1 11.3 21.1 14.0 3.5 2 1 4 5 5
5115.7 -1387.1 5.0 97 0 21.9 58.8 12.5 0.0 0 1 5 3 3
4751.7 -2060.7 2.5 219 0 42.0 31.3 12.5 0.0 0 0 5 3 3
5215.5 -1525.4 9.6 8 0 19.2 6.8 7.5 2.5 2 0 3 2 2
5059.1 -1370.4 7.2 181 0 17.2 17.2 12.5 0.0 0 1 5 1 1
5308.6 -1473.3 8.0 10 0 13.0 14.9 5.0 0.0 0 1 2 5 5
5233.7 -1545.2 10.8 183 0 7.9 38.7 7.5 2.5 2 1 3 2 2
5264.5 -1646.4 13.7 286 0 9.7 12.6 5.0 0.0 0 1 2 4 4
3989.4 -2438.6 13.0 262 0 13.6 51.4 14.0 0.0 0 1 4 3 3
