5325.7 -5061.5 -4.6 161 0 16.3 16.8 5.0 2.5 2 1 2 3 3
5365.0 -5062.5 -4.6 338 0 4.9 25.8 7.5 2.5 2 1 3 0 0
5270.3 -4914.9 -3.5 255 0 16.5 15.8 7.5 0.0 0 0 3 4 4
5296.5 -5064.3 -4.6 165 0 10.2 14.8 7.5 2.5 2 1 3 1 1
4621.0 786.6 -18.9 181 0 42.3 23.0 10.5 3.5 2 0 3 1 1
4061.6 2544.5 -4.7 180 0 39.2 29.1 10.5 0.0 0 0 3 5 5
4107.2 1440.1 -6.8 93 0 20.5 37.2 14.0 0.0 0 1 4 3 3
3221.9 1862.8 4.5 80 0 30.3 20.2 17.5 0.0 0 0 5 4 4
3669.2 1643.2 4.6 264 0 22.3 17.7 17.5 3.5 2 0 5 1 1
1763.0 3571.3 14.3 142 0 19.5 12.0 7.5 2.5 2 0 3 2 2
2162.2 3338.0 16.0 23 0 7.6 25.9 5.0 2.5 2 1 2 4 4
3774.0 1545.4 1.8 20 0 26.2 14.3 17.5 3.5 4 0 5 4 4
4226.7 -544.2 -15.7 258 0 7.8 15.4 7.5 2.5 2 1 3 3 3
5519.9 -5551.4 4.4 351 0 11.6 24.6 10.0 2.5 2 1 4 1 1
3611.1 2178.6 1.2 266 0 11.5 14.5 14.0 3.5 2 1 4 4 4
3999.3 1179.6 -3.3 68 0 14.7 29.8 14.0 3.5 2 1 4 5 5
3428.8 1536.2 5.2 78 0 8.7 22.1 10.5 3.5 2 1 3 5 5
